ids
H4L317
ZTEAKC
OTTBPN
UM3PXK
118RK2
TZ4VKU
AEWB71
E3JLKC
ZXFM38
5HTX6B
IV14ZY
WA6WVA
6VI2SP
6V7URD
GPYLA9
U5WGQX
3BHL4P
3C3XSZ
T0CVMT
6ETE8H
CLSGLL
WQP5SZ
M2KL4C
4A1T2F
Z97X98
837JQB
XGGACZ
C63MPA
TDFXX1
041TBE
BVIJLZ
MIXR0N
1FDE11
TJOQL0
80U8KY
X1F9P2
IQ0IUX
K3Y8SF
WVKC41
KHNNOK
