ids
5AOUDD
DZOE3P
NJ9442
UY1BJR
66KGAG
L9XE0P
5T4WJF
HR9FK4
KJ5EAO
8DSIE3
HWLZKP
HH4SN3
53AHEJ
0GM09D
A2N0PS
4YLW9F
IIYN8U
YAU95H
YK4KTZ
PHFY8S
8LLOQD
R1TGJV
4WDZ33
5HTX6B
8BFDLM
QSLI7R
CZK9J4
IKOYGG
5Z0WT4
YR5Z4H
6A83R9
X84YOA
4UTDDB
0SAV1E
0BNT80
KNDGX7
O6DJTN
UVMZW6
UUNSCA
F8AXZB
Y6ONRQ
GIDQ3P
AB30SM
QU8NPA
U49GKC
JAPN5M
ONMHZ9
59HPT0
7PDYTH
LYIUL9
RQRG8N
56P4BB
