ids
KW6DCR
R73GI2
AUZSRK
BO4WGB
PQAGZV
9RZQQA
CQR8D5
AC6WUN
KQRR1I
RSVM45
07DBZD
5AOUDD
1O4PQQ
92X34E
33D7WG
GQU4SE
2SXGGE
PD5IIL
RXGU9A
6EMA2B
O6UEIJ
XRJ0H5
12LRY4
X1F9P2
781QLG
NFEH33
SZ6B14
KPLHVT
UFQ889
F8AXZB
IUSGMR
4M73SR
UXJNF3
GOT1Q8
MAPI47
48VWJW
FNGZRE
4G9YUJ
6YU9NK
GK4E07
