ids
C938XL
JHKBUS
69EIMX
WZ554S
B5E83E
E6PNFC
NQGQCG
83UOI4
BX3ID6
K7B4YU
48VWJW
8Y0C7C
4TNA69
6O5XSO
6NJM2L
LYLO05
240WDP
19H2RP
7QIPLL
ECASJF
0WQ456
JO668C
BWRWC9
JODF2Q
FIRT80
KCU00Z
RFNMSP
4K1WWL
2HUY2I
6Z6DXI
5KHGBC
JZYOEQ
6YILX5
LBL5OF
DR8QBE
TEFESP
VU6JZQ
KRX6Y7
UFCGFE
2YFUSB
CLSZJC
7T3RLP
SR8AMU
XPLZM0
9V3PYJ
KZB7TJ
