ids
HR9FK4
ALENQG
7HM2Z5
ZUEQ42
AP1P22
4LX0H3
RE4R44
E1MAAG
HZAOA9
C50M45
JKL0FM
XO4VOF
D86RVG
V6F4HW
95HSEC
77KZ24
ONMHZ9
0EXTDF
73J79E
1RTY62
YFPDWQ
AL05L4
FOQW0F
ODLPXI
OY08GZ
64BEDG
UN55Y5
SVFSTR
4WDZ33
5GA790
K6KTO9
0WTQ18
WJO6G8
EKWY4S
WEN1XS
DLLU5A
EXKA0S
GQXBVP
AQ1QM0
WWAHKO
GN0JLK
F4VPIA
5C8YU7
0BNT80
6UQ1ZK
2S0E5L
MNW2UP
UXKV0C
AJSXK4
