ids
JGQ590
D8V6OI
09SYAD
G2X9J4
CZK9J4
ACCZA8
I8ZPED
2MK53R
QL33GN
J7CY61
IJ7Y34
JAPN5M
X44PQ5
98W84E
1DVA15
YDMRLA
BVZY8O
VL6WIU
1K2KZZ
IS0BBB
ZQ7HJX
1WIEX7
AUS4QO
25VIKL
GY5LZF
FS3Q7Z
BLC0AB
MBEFPX
5P2SZX
KVZQK0
C4VN2C
C7QMT0
WVKC41
ZEGPBW
GNX0G3
Y78KD5
33C7QB
56NZY5
S94SF3
HLKGA8
9GKWO4
MVBJCZ
WZ554S
VJMEMH
2XAPQR
