ids
9V3PYJ
3TIC7R
HC0YJT
XYSPRG
5ROYVP
XSVZ0D
6YU9NK
5ADUX1
SBP251
XO4VOF
102L0Q
AXXYP7
VGXPMH
2DRVCT
ZABSDC
GBUSE0
AYQ9SS
ZZZ0GT
2RKT5S
QMHR2R
JO668C
DFV4BB
Z164JF
D8V6OI
WEN1XS
POLN6G
YS1VGV
K6KTO9
EKH1SZ
X44PQ5
OM4DSK
8BFDLM
78G3HG
8OJLTE
1VS9QF
YUP9II
6JL6T4
MNW2UP
D4QODF
C938XL
NRV5XH
ZHWFHK
0GM09D
