ids
BERWJQ
JEEPNH
JE6TPO
4G9YUJ
Z4YJNP
LL69UU
Q6WMCP
PDBYGZ
BWRWC9
7GQ12I
BMYQJ8
RRYC5G
BI1LF1
ON5X9M
1VS9QF
Y2WFWH
H69EMW
RCVJ0T
N48AJL
8UH6BK
LPM95G
1UO67G
X4KEW6
VAQUUW
J5WAE9
53LSPJ
GLAXRC
WJOMU6
7M61H8
CLSGLL
TDFXX1
56P4BB
UBT2B9
GBUSE0
GW4PYF
MBEFPX
X125VU
LMPJN0
TV7ZJD
