ids
OSCCEB
Z1ZUKT
87IQL6
1W2PF7
BFRKF9
7YL6PC
2CU7ZY
K3G01K
6B7AUF
1IW0BC
HH4SN3
VQGN83
CS9NKS
5HMR69
DPDDIH
5C8YU7
5ELD9X
1DYOFK
S94SF3
DZNW4O
F5UJO8
NSWIXS
ZQP63V
N9EBBW
MLAQOE
DM3NAU
564025
OYU03J
OVP1B8
C1GCCP
922BM8
8IFANT
URUECE
TY86C7
R6Y8LP
9TQ5LO
BMYQJ8
BZJUA9
FNGZRE
D57J5V
076RR7
7DCAIU
PMFI0E
