ids
V8AX7D
MHZPD7
ETGDV4
9VZQ6F
EQUPR3
S0BPRS
HDXW1X
C6X24T
2ZMJ6C
JCCUG2
H69EMW
JHKBUS
AK2C82
2NGRX8
2SUU9Z
9WO7LI
3VR4J8
71DB6K
C7VZ1P
UM3PXK
NBJO6X
LBL5OF
MLE1R8
1O4PQQ
K927KP
8M008Q
80KPO7
P8B8DQ
VCXA2G
ZQ7HJX
82XDE7
WQP5SZ
7XFHLX
MGV14C
56NZY5
PNWQNL
NQGQCG
MNW2UP
CX8B8Z
T5U6O9
8ROCZF
U6G9EA
BO4WGB
1UO67G
ANUBU0
JE6TPO
