ids
DIC3QA
OTTBPN
ZZZ0GT
R62YIH
ETGDV4
3BHL4P
U96OA5
YWG2EP
BWRWC9
ZXFM38
7JL9A8
9L3R3Z
8IZ91I
AHBI71
WI3MG7
VQWLBO
72MI1G
6YU9NK
2XUWNM
HOELKU
ISH5CD
WDQE5D
FL3DVS
UY1BJR
UPJH6E
9JRUMW
VO6ZUP
J0P3XG
I1A9KN
0ADZ9W
8A5TCS
P0VQY5
8DSIE3
S94SF3
R73GI2
TZ4VKU
YAU95H
EKWY4S
8JWL2R
GS6CUU
V4IC3F
2Z41C0
OV9JPS
59HPT0
9K0SOI
8WZ6O0
BXC5ED
7R0E9J
4FDUMZ
2SXGGE
BRDCAH
