ids
PCEGAJ
IR5PYM
6B7AUF
DZNW4O
IL1Y5J
ZGUTHR
0BTWTU
Y7ZAOQ
CIQASJ
LPM95G
JYPWGM
IHTNW5
K6KTO9
JCCUG2
0H0UEO
4C2WM1
Q17KVU
81PSS5
ATVFN8
L22NHO
6RCIRZ
7V8SM7
FIRT80
Y2W1PH
C4ZXA5
8DIQ1H
MH1LKA
557PGA
DZOE3P
94PQ2T
FABQ6B
9VZQ6F
IKQ5K4
80EZ16
25VIKL
4QRT8U
J36NU6
V4IC3F
R8W40L
S7Y4LV
92X34E
RS2LS4
LD90VH
351KDW
FWMII2
FONBA3
YQUDX3
PP167U
BZJUA9
MI04P7
P8B8DQ
6H23C1
JVOX3F
VGXPMH
9WZFD1
O6DJTN
YHYU85
VL6WIU
9CD6NT
0N8BAD
IP8H1X
LTLPN2
EPOZCL
YZNYKU
A2N0PS
VP0FVG
2XAPQR
8JXALH
076RR7
PRX1CQ
BXC5ED
C938XL
8BFDLM
JFIPHC
3F8KRI
LC19QE
ECASJF
TCY2WB
EQUPR3
MLE1R8
WF9J91
ENAEBK
JDP5T6
O4QSFT
2GC7YO
84QHWJ
03PX3F
J7CY61
YCYRIP
EA7JK1
NDJYF1
EXQWL2
TDFXX1
PUZHUT
R1YH7D
9TQ5LO
H2SYCW
KZB7TJ
V31M3H
CQR8D5
4WGNXP
Y6ONRQ
R1TGJV
WGQLMQ
ICU1EW
QQH33L
RNUTKT
YBG3FA
VJMEMH
DI9VHW
57A8EZ
B5E83E
MOBVBC
3BHL4P
2SUU9Z
WDKOM8
1U4IIK
6GBKL1
0BNT80
I0E2GW
TKCDLW
K3O76W
6CHYB2
JYUHNW
NPNSMB
UZSX6M
8WZ6O0
D9H6PO
CE1YVD
0QE4HE
076E39
UI7IAB
E5CC21
1FDE11
X192U6
KW6DCR
4PYLXP
SIADUL
UFQMN8
0XP18U
QSLI7R
2Y6LU0
2YFUSB
PBE0AM
6J1GC7
1XDD8H
2CU7ZY
FLO8WI
7XFHLX
YO5UIV
68T7VW
ONMHZ9
FL3DVS
9DHV36
DL2TVM
BH5JHL
Y0LPNC
5HTX6B
V523JX
BRDCAH
84F947
ZKE8K8
4K1WWL
RSJ154
AC6WUN
PFXON9
YHYNSO
IBWGZR
MIXR0N
TPHN9K
PEWWN4
GKLMVM
6HY4WV
0ADZ9W
NJ9442
VQWLBO
WJO6G8
FOBM63
9V3PYJ
3G9IIA
ZAM4CF
5FLAAX
YLJMI6
Y306WQ
HC0YJT
VELH3W
C338V4
OY08GZ
JM3CN4
VXDBV7
D7HUQY
W563OR
RCVJ0T
H8JAWI
U06C68
GL2HQM
R82ATM
TDPL7X
0ZWSZ8
6RRVHD
NIJVMQ
C1GCCP
1DYOFK
C50M45
PZ3Q4L
PT071D
A0EAZU
1TP36D
EZFVK2
B0Q8HD
GY5LZF
UB8Z93
1LZFIK
AXXYP7
RJ68SQ
N48AJL
2IM33L
2PE13K
G3KBTC
8YUCG1
CVGXKN
MBK3PM
4GXFV7
AFAJX4
AD6BM2
JUE9XP
LT43X7
W5JY3X
P6T3SI
Y2341P
O7OR68
XRJ0H5
KCFG2F
HZAOA9
KBPP70
78G3HG
FOQW0F
L3DDHC
Y78KD5
I0ANMA
PE06N8
ZD6MZS
S25BL7
GQXBVP
FS9LW8
V0W6H3
JODF2Q
TSCBBV
G09OD4
IWDT1O
9ZUHRI
NQGQCG
YR9ZMN
45L4SM
NBJO6X
9N9QK0
AK2C82
J8HRXY
IA86WQ
P0VQY5
4GUYLW
C8VH2B
AMVPX0
TEFESP
XD3RJR
POLN6G
940ZMY
E645PU
92G32D
9IQHUM
1Q8GKB
LMGOVW
6V7URD
WT9FHC
GHAK2H
EXKA0S
MLAQOE
HOELKU
C7VZ1P
AB30SM
XRPI7G
YLVP2C
S52U06
TY86C7
3DZMDA
5ELD9X
4FIFGG
GLAXRC
KQRR1I
Q2DKB6
T8NV0Q
I1A9KN
WQP5SZ
POWC1S
AYKH8N
3TW6A4
F8O0K0
U662KB
EJER1R
Q9CLCO
GYWXMB
KF4NTZ
V1Y3TI
RVL51L
MOY444
7IO1HN
V0PJCH
7QQLOZ
MLBZRG
SA2LRK
NI9HZM
SIYCM3
A3OMCL
E6PNFC
OAKKH9
WS1TS2
A2WYN5
NB12D6
A76MNW
6QTA3U
CBDXF8
VO6ZUP
2RKT5S
NNY3QI
Y88BKL
BJBLCD
E9W7KQ
C8B97R
O8HPCU
0YRCG4
77KZ24
384PA2
IKOYGG
UUSK1R
VCXA2G
Z8CP0R
JIC6MG
XSWHMR
9243LW
ON3JN9
3LPWSP
7T1EW9
VU6JZQ
DTB52I
9WO88G
R6K3NN
FS3Q7Z
7JL9A8
20QL99
QJLYCF
K3Y8SF
NF43PR
S125EQ
NFEH33
7M61H8
230X46
5MEDFG
KUKFI7
WL5QMO
9NDZE0
WVKC41
IJHFLE
K3U619
V8AX7D
91Q9SR
0G42R2
79TU33
DLLU5A
HLKGA8
4YLW9F
RSOZBL
CY1GZT
3NORRT
4SAQ1J
RT1MH6
Q1JTH0
8OJLTE
D57J5V
HV470A
CF5CCT
A9L9CD
PF2PVP
HYZPDJ
GFQQWC
71DB6K
8X9K47
VQGN83
Y73L92
SBP251
4ZPI0W
74V8HT
FFJ254
AEB0B5
WUI1K8
H3T1XO
AL05L4
RSVM45
B9LAHH
6NJM2L
N9EBBW
ZTEAKC
R9REY0
EYY4NU
QOBUDT
U2QO1M
30A856
BYHVG9
29SP4J
25R4NC
IQ0IUX
53LSPJ
ZESFPG
8XZHVY
X125VU
7WNY4G
73J79E
L3JFGX
CZK9J4
J0P3XG
8UH6BK
GJZDV3
CC84OF
1J1IS9
C6VEGY
D4GTQL
KVZQK0
CK9HO2
ON5X9M
LIOYDE
GC5YWJ
E5IY2T
UBT2B9
RDID72
MGE8J5
0139FS
KP3296
PY8O8H
YG02FL
7PDYTH
EAAWYL
D3PDQG
UN55Y5
UXJNF3
RE4R44
H64R06
CLSZJC
F5UJO8
5P2SZX
2WGCQ4
W0VY5N
RVXGH3
QDI5NN
Q51CZT
8Y0C7C
UUHYY8
Q9UMCP
DFV4BB
6HWN0L
LG3953
PD5IIL
M1P60Y
Z97W6J
RL4CU9
SVFSTR
S0BWPT
3VW5DX
VKVU2T
U49GKC
BMYQJ8
N3Y2KI
XHEXMH
WUW1GT
D5YM4U
ZBPAOV
XKODWK
1KHY22
UHW0R0
QL2WLD
12LRY4
EKH1SZ
XAR3NP
0SAV1E
QQCUFC
CUBAED
ZWBG7Z
69EIMX
977RFO
GR7J04
MX30JB
J85PT8
E4AEOK
862X02
E1JA1M
9DCTS6
GK4E07
RWNLL4
I2AZ06
MVGF37
R32WTS
Q9HDRK
MNW2UP
15315A
9VC7UD
HR9FK4
PADZ9T
6Z6DXI
A03EVP
1PTL8P
CIFCOK
U94AEF
2S0E5L
H8AW3E
UKTX4G
O38KBY
I0PWP4
33MG0O
KUOEHI
0NJHZQ
UM90XT
B9CQAD
83UOI4
0069AH
BI1LF1
SB9IHO
U6BBKL
53RBO2
O5K7HH
H7MAH4
1CRUML
MHZPD7
ZXFM38
MXJL5L
Q9DQK3
9UJ390
CQHJYG
GOT1Q8
75VMH6
WLI5X9
3260HM
V6F4HW
A9T8L1
XPLZM0
7HQZXK
TX471Q
18GE64
56P4BB
KSLLON
3B69PM
SKUKQM
OH7EH2
XZIW0R
6ETE8H
OYU03J
16POZQ
YL3OEP
MAPI47
7LISLD
JUELN8
U3T01H
T0WOJK
QCRR2U
LVAJZM
6J8D8Q
X42K17
V496TK
8VMO9L
TV7ZJD
ACCZA8
U3QWTG
SAFUNF
O1CIFK
0NH2US
9JRUMW
Z5IQ4H
K3G01K
I8ZPED
JHKBUS
2ZMJ6C
WLDBC7
5KHGBC
AEN29Z
FXTWCC
42T6IC
KTORVI
7260I3
CSDYMY
98W84E
7HM2Z5
LIXQP9
XR3TA6
GFZMB0
FUHXQG
D53MT3
ENWVHE
56NZY5
JQVZPQ
5ETL5S
8YMIHS
5HSVZA
ZNOAXG
JQ4EM9
P6KMYH
TG2AQ4
UP5NLN
BLC0AB
86U7KZ
SPCHYI
JG0ZNV
TYVAS5
9L3R3Z
C6X24T
QRR3UD
YJWJLV
KYWZ7N
GFW2ZB
8DSIE3
ZH4JWZ
SR8AMU
R33C81
VP0VFU
32TQTC
FIJHAT
4RHYNC
WAX07E
17XI12
EN4YQF
JKL0FM
IXE6FD
A2T0EB
KBCFC4
BO4WGB
I41NZ6
SOR5YF
T6L2KV
UXTZFI
UZT4UI
CS9NKS
KJ5EAO
1W2PF7
BFU9IQ
6HR9PB
6AMLZ8
4Q2UCP
MW0997
W962OR
K9SJDH
UM3PXK
KRX6Y7
PQAGZV
KCU00Z
DD695Q
LMPJN0
IFBMYT
XYN360
C1O37V
5E3CK4
F52JRQ
3YQJKU
0WTJZ8
8IZ91I
D2SMW1
M25Q22
URUECE
2SXGGE
Y2WFWH
WROXGU
IV14ZY
JELOYM
JBSLYH
B62DMQ
H6GPEZ
5KKUR9
14ROMS
5YNHMI
K0H5DN
8X86PU
ZUEQ42
OVP1B8
1FM03Z
6O5XSO
6XRI79
CUS8AY
0BY2WC
MDITAA
QL33GN
324OWU
Z97X98
R5B5GR
P5OHRJ
E2R5DE
LXNA8E
UPJI8A
WU3ZRK
NG3F32
O28GGT
CTDP09
33D7WG
T0CVMT
5CQ8YY
VQOHN8
7Z7GKO
1DP728
SRZ3M2
YDMRLA
HRJ17G
041TBE
5HQ6Q1
W98HB9
X27HPL
VAUKLY
LXU75A
2XUWNM
KPLHVT
JE6TPO
GBUSE0
CX8B8Z
QMHR2R
GL1TP3
E1MAAG
922BM8
XJFFJ5
CC7PCK
92ACPX
ZCV2NM
4A1T2F
68WFIM
LV9V1E
8YEXPT
50RMLG
Z7C1RY
DKVPET
LBL5OF
KSLTLQ
YB8OE0
BERWJQ
837JQB
JR9M37
Y67VYA
D1PA67
FOCDWK
Q2YYWV
YWYPKG
I3YNQD
2N7AAS
HDXW1X
D35K68
BFRKF9
P6Q1DM
01FUWE
4X9YKF
E49GSM
XSVZ0D
TQL2XJ
B0A1WL
BD55NO
OSCCEB
ZQ7HJX
64HU13
JFYWNC
PO1WPB
7QBXHQ
RVTUOX
XSTOE4
Y3NPKA
H9X3CD
8I8QZD
YH5T8X
3FXNZN
IS0BBB
BVZY8O
S7YXP1
9SLAQB
44BOBV
1VS9QF
4D6UBX
1RTY62
F2UYER
PIEK9M
X44PQ5
X2T4P3
C6X8WX
SCAC39
XE2OE0
QA2ILS
8A5TCS
8IFANT
GZPA2P
BVIJLZ
1UO67G
DU2WPI
7T3RLP
JHLPNI
WK3X1N
1CVKUB
Z1ZUKT
W60HWI
G9MEIU
ZFQJC2
GLTV85
FCT7AL
4ERJJ6
MGYISU
FZL55K
5ADUX1
BZGLIO
WJOMU6
W4TWYR
AYQ9SS
3878J3
BHG1C2
PNWQNL
6J4TDI
1DVA15
MPO0RH
O6UEIJ
WA6WVA
FFQT8C
R73GI2
XMPG42
CCO57P
YK4KTZ
XI99CY
V47PXX
M61FBH
62TC0B
0WGXZ9
BAC2AF
BKW9NF
2LC96S
TCTTIA
2DRVCT
102L0Q
D0KAO8
DP41R5
0LH3B5
F8AXZB
RW0OBO
2NGRX8
WJC86G
X7HXNW
C4VN2C
060QD5
5AOUDD
V2QCMM
G5FVYO
MTO35S
P744X1
LGZY7B
ISH5CD
TDY8GB
GN0JLK
IVQCQF
97090T
P1MXGZ
B1IVX4
52CYZO
KBELH8
EXKYV3
OIWOM7
WI3MG7
SWED10
441AMF
TY9RQP
3X1HPN
SMD87Z
ZGF2TZ
KSA0KZ
M2KL4C
QU8NPA
6JNHVP
DR8QBE
SFEXGH
WDQE5D
IHW3M2
V5Q7TK
KX1MEO
1IW0BC
HH4SN3
GP26P6
FWOZZ1
XYSPRG
53T14O
6N2N46
GCV6BV
BLESPI
2MK53R
XGGACZ
2HUY2I
7GQ12I
D61T8N
P3SIHR
N8KFU5
WY6RW7
Z1DLJQ
9POY01
MFLM2O
S6JUIH
49KEEG
UFQ889
VZZ5X0
FBP4YE
CV18CV
65TXXV
YAU95H
09818D
G1BBNB
5B9ZWW
MBEFPX
HA85FC
PEYQ9Z
VMRH2A
R62YIH
U96OA5
IHO22M
79NM8W
PU14F1
CR8EEM
7QIPLL
ZEGPBW
77P2UY
9RZQQA
PVLRKN
4FDUMZ
KHNNOK
D30MET
KCN0O2
HT4X71
KRTE3P
SI530O
JUB7FE
SG1QXY
KBTRDU
H4L317
YDSA7B
BDO7UO
FIC3YO
4E3WHI
ZABSDC
1DUR00
AQPHLG
EX7WKU
B3NVV7
0WTQ18
T5JOFW
IM9QCP
JBX7S9
VAQUUW
2I1YL0
9XFBEC
L6SISK
MVBJCZ
0GM09D
3O5BN8
DEGFBM
5IAON7
UFCGFE
AUS4QO
YP57PI
LBUYMZ
V450BO
781QLG
ABL1XK
JO775E
G8OILS
W7U1PX
Y70TO1
FQPX72
6JL6T4
LEJMCZ
MWA129
NCLHA4
N36HNB
UUNSCA
O7WBI8
8M008Q
OF2VT0
PW2VO3
095TGF
X4KEW6
DPDDIH
IUSGMR
9FVNAB
OHM5TX
A2OHO4
66KGAG
XG3ZQJ
GS6CUU
9VL3T1
SEXNZ1
TVDP1V
TB92G3
DRL0Q0
WLPIH0
LYIUL9
F8IJWM
Q6B4XS
C6A7QX
LL69UU
91TZ3O
ORR36N
GK5YRO
1NZVNI
1X44WK
3U0OM4
QSLHWU
KNDGX7
YS1VGV
ZHWFHK
FGWP0G
GIDQ3P
VVWVL2
VCRZYZ
OJI51T
U6G9EA
4PM9PY
FW0F2M
Q6L8XX
FQNB8S
MNINPL
Y2QSGT
20G2RE
FNGZRE
O294S1
U6PUPR
FVKKZK
X011KV
9V5YRV
19H2RP
EECTI3
5BWLHZ
TGK0WT
UY1BJR
DIC3QA
7YL6PC
72MI1G
AA3GLI
MQE7WO
3UEIT2
5Z0WT4
RFNMSP
04DT43
4RCM4K
RRYC5G
X1F9P2
2ZFY63
L9XE0P
20S3LP
KXS4XL
E8ZL10
MBA3G1
2HX0YG
V9DW1U
CLSGLL
K2GA2V
O8V5M0
N2QWMH
2J0KMN
1V8EBB
N8AFGT
58P6HY
9HB3UE
UN8POU
SHQ230
ZZZ0GT
ZCOWT3
TH74S1
G8PHEQ
D16FDQ
U64T09
4LX0H3
REAZ89
HMRMTM
WWAHKO
WFYTEI
GNI36Z
W5KMKH
EDRQ3M
O5T4QM
53AHEJ
6R8SMV
J1HADE
RQRG8N
9PSYMF
64BEDG
DE64UM
564025
9GDD81
K37RQC
QW5QOG
4VDKSS
HWLZKP
4UPXNU
0IOB07
JEEPNH
U5WGQX
D3W5XD
I5V6FG
WQ7RJM
X8BGBT
NSWIXS
AFJV8Z
80KPO7
D4QODF
OTTBPN
96BBH5
GN2C38
GNX0G3
ADCTLD
5YCYNE
QWZALP
KY09Q0
Z8Z2GE
VF6S0N
95HSEC
UXKV0C
CQ0NED
JO668C
ZK7HUS
MGV14C
K7B4YU
GPYLA9
1H0RUO
Z4YJNP
AHBI71
KRCW8S
118RK2
ANUBU0
BN9TJU
6NIB2O
5GA790
DIM0LG
A3V1AB
8LLOQD
N6ABEV
1II4O1
D8V6OI
RYX2EQ
KVOZ3Z
Y9ZFF4
ETGDV4
DT6VJ9
3RN4NY
Y8VHIH
F4L77Y
IQ2ZXA
M4JRAD
QUWV83
MCSP88
4Q2CW1
4KZGQ0
NZJKTF
3S2QUU
R1OH6S
50LRI4
9NM2L9
13U76N
FS7SX2
1U3B6P
3ZCP47
33C7QB
YGGLTY
XUO6MV
PMFI0E
IJ7Y34
CZBR14
T80KD0
TJOQL0
ZPJ42S
DM3NAU
5J27IG
KBUB4R
H9R5ET
AD16DN
8UX0VW
3VR4J8
3GEHAJ
4M73SR
JAPN5M
VSSBXV
0G40QY
LYY1UT
27X6PE
XCBKCU
U57EH5
EKWY4S
TGHEU1
SGEEQL
6YEMS7
2Q88S4
YWG2EP
IVAP1S
9WO7LI
VC79VM
W35A8M
Z164JF
U44279
5BD3LR
87IQL6
6A83R9
LEAMKB
36GCVQ
XHY015
9L5AED
7LU5RY
23US2I
G2X9J4
ESIFIY
9158EG
GW4PYF
S0BPRS
UAAXGA
YR5Z4H
GFV654
CUKEIZ
Z6HQ86
PHFY8S
KAS7YA
9I4Q4T
16YELX
RH19CW
TCMDOV
C47NOC
LC7N5Q
15OYNM
XPN8XD
X02ZTY
SW77KE
1O4PQQ
5XBA67
1WI931
L9W4DY
WH0SON
LVO24N
F3TYOB
CGNPSR
QST4AD
JZYOEQ
MDR9BC
NZVDDR
OL56PY
E6DUQI
RFOB1Z
VJBA07
C7QMT0
DD0S7M
J6LXGV
3BVQ5K
W2R5X5
C1PM74
OM2AZD
0WQ456
8QGRSO
WTHUBT
UL2SLU
2Z41C0
0RXFW1
RL9VZ9
79DZC0
NS21FF
XYDRBQ
RID2U5
52QJ8T
QMID7A
8X66JZ
FO58J1
5T4WJF
WVJA1U
82XDE7
WSZWZR
R6Y8LP
05Q82K
YUP9II
40XBN0
KHJM73
EWJZUQ
8JWL2R
YFPDWQ
OT4EOH
9GKWO4
4TNA69
6YU9NK
AM9U0S
5ZT0CB
ODLPXI
YF3S3W
P5SI4F
W1PR17
BWRWC9
ZTMEE9
SZMC4E
3AIJA3
Q56L5Y
ST5FL8
H69EMW
D70K91
1K2KZZ
8BSFWL
BNC0GU
5GSHTS
AJDRVO
RK4B9J
SZ6B14
2HR2D6
12XHSD
V9VV92
CRV6NM
IYYFJQ
AJSXK4
XFSM07
HM3UR6
A39C6E
80U8KY
RXGU9A
RTUZUK
5C8YU7
1QZ2W9
Q6WMCP
3C3XSZ
T4QMX8
OV9JPS
XNX4EY
K69O9W
XZ09WS
WG3MIE
F3BIKI
NRV5XH
0EXTDF
IIYN8U
TSKTRS
7R0E9J
V4RJXI
5N8NVC
WZ554S
8ROCZF
96WVGA
VH42ZZ
JNAXDJ
TX2024
GJA732
UHWFXI
FW19EW
0FOSYI
18DRG6
6BPW2O
FX2FHX
BRL878
OKXLHO
TYU8HO
SZGB6B
Q0UB2C
T5U6O9
6UQ1ZK
044LNX
60XLRI
7W3C87
10FVW7
BX3ID6
XSW7ZG
TMCG0E
GVZ75T
AQ1QM0
FMLQU4
Q9Q06N
BADOD1
ZYAM5P
1APHBF
LBZ8RU
139POA
3YMALU
SRCHJD
358FH8
WR3RI0
IJ9RIQ
P9AFWO
E3JLKC
240WDP
MAB2WB
4GC7KI
7DCAIU
ROD0GH
6EMA2B
KAVA2X
N9NIRT
C46LR1
XO4VOF
AEWB71
F4VPIA
AP1P22
1OPSYF
RBO7EP
07DBZD
4G9YUJ
PI0507
OM4DSK
6YILX5
1WIEX7
D2S095
ZQP63V
JGQ590
70OSSL
SS2YJC
JV9CKB
EU9KM9
XRR9AO
52LN24
G472R9
PDBYGZ
09SYAD
HVMXGZ
Q8C69R
UPJH6E
J5HOLR
XAOIF7
0PGPQI
XIUR3F
5HMR69
W1MGA1
4WDZ33
59HPT0
S94SF3
47BUD0
8QIMJ5
J5WAE9
GGLWDN
YRP9CS
K7F2ZV
J9BL4S
8MBD9S
NZONFW
VZ1HSX
7FJAEN
OIG46P
HUIYGC
V0OVZI
K21HIL
8KXOTH
WEN1XS
0MMPBY
48VWJW
UVMZW6
ALENQG
0ZG8I4
3TIC7R
885T41
8I9D3F
RRW5P0
C63MPA
I5JXN2
X84YOA
Z44WBC
2UVBUF
ZOPAB1
R3NH2K
33PHCF
7U2BHB
X06Q8D
VYFZK3
IMCTMO
R1P1FA
7WSTN9
6VI2SP
G3AVG8
PRWVE9
AUZSRK
LYLO05
D86RVG
M3BPGH
0JNPQD
R3PMFJ
ERHR9W
UCNTO8
K927KP
M4YMWB
