ids
U57EH5
Z4YJNP
JO668C
UM3PXK
D30MET
HZAOA9
XRR9AO
D2S095
ONMHZ9
K7B4YU
XSWHMR
WU3ZRK
BVZY8O
KBUB4R
TCMDOV
I5V6FG
IHW3M2
52LN24
Q9DQK3
80EZ16
A9L9CD
YAU95H
AJSXK4
3ZCP47
ZCV2NM
JBX7S9
KVZQK0
9TQ5LO
RVXGH3
74V8HT
HRJ17G
AYQ9SS
0YRCG4
97090T
4SAQ1J
3DZMDA
C6X8WX
H64R06
Q51CZT
C1O37V
PNWQNL
TMCG0E
R1TGJV
JODF2Q
1V8EBB
1LZFIK
E5CC21
U6G9EA
07DBZD
0G42R2
PFXON9
CQ0NED
U94AEF
5HSVZA
DP41R5
MCSP88
AQ1QM0
SKUKQM
C8VH2B
MBA3G1
CY1GZT
XRJ0H5
VZ4LZ6
SZ6B14
98W84E
K7F2ZV
W563OR
BX3ID6
A39C6E
MFLM2O
F52JRQ
TJOQL0
FW19EW
2SUU9Z
JQVZPQ
F3BIKI
50RMLG
Z6HQ86
TX471Q
7T1EW9
VQWLBO
5MEDFG
Y9ZFF4
BWRWC9
FX2FHX
E1JA1M
K3Y8SF
D7HUQY
70OSSL
6YEMS7
2RKT5S
V2QCMM
ZABSDC
0EXTDF
DT6VJ9
060QD5
SIADUL
2DRVCT
EX7WKU
2ZMJ6C
RVL51L
LBUYMZ
5HTX6B
7HM2Z5
ZGF2TZ
Q6WMCP
M1P60Y
1DYOFK
XAOIF7
MVGF37
GZPA2P
JNAXDJ
O7OR68
LG3953
FL3DVS
VYFZK3
NRV5XH
KHNNOK
2I1YL0
X8BGBT
EXQWL2
BJBLCD
XPN8XD
AD6BM2
8X66JZ
ZK7HUS
QMHR2R
GL1TP3
VSSBXV
5YCYNE
80U8KY
1Q8GKB
71DB6K
W35A8M
Z7C1RY
HV470A
LC7N5Q
GNX0G3
H4L317
V1Y3TI
D0KAO8
QQH33L
HMRMTM
9HB3UE
U44279
4RHYNC
YL3OEP
UL2SLU
I8ZPED
7LISLD
CTDP09
4Q2UCP
N9NIRT
MVBJCZ
Q2DKB6
IVAP1S
6O5XSO
5B9ZWW
ZGUTHR
NPNSMB
B0Q8HD
441AMF
DPDDIH
OV9JPS
ORR36N
PEWWN4
S0BWPT
095TGF
6JL6T4
0139FS
LV9V1E
R3PMFJ
6NIB2O
J1HADE
MNINPL
0BTWTU
MQE7WO
6J8D8Q
5N8NVC
DTB52I
MBK3PM
VZZ5X0
H7MAH4
M4JRAD
8X9K47
4E3WHI
V4IC3F
D2SMW1
77P2UY
6N2N46
8BSFWL
P9AFWO
YDMRLA
C1GCCP
LTLPN2
YHYNSO
W1PR17
14ROMS
3BVQ5K
UKTX4G
TV7ZJD
7DCAIU
IFBMYT
GNI36Z
79TU33
FONBA3
UAAXGA
JFIPHC
3878J3
VO6ZUP
WJOMU6
58P6HY
91Q9SR
KUOEHI
WLDBC7
Y2341P
0BNT80
FXOBWD
JR9M37
56P4BB
X4KEW6
KYWZ7N
5Z0WT4
Y3NPKA
YP57PI
BFU9IQ
IVQCQF
SRCHJD
AEN29Z
WI3MG7
K3O76W
T0CVMT
P6KMYH
QSLI7R
VF6S0N
240WDP
5KKUR9
IV14ZY
19H2RP
NSWIXS
VCRZYZ
RBO7EP
GCV6BV
DEGFBM
AUZSRK
R1P1FA
Q6L8XX
IS0BBB
REAZ89
ESIFIY
Y70TO1
XFSM07
OIWOM7
QL2WLD
K927KP
7HQZXK
MAB2WB
QZEKC7
LIOYDE
CQR8D5
IXE6FD
JO775E
ST5FL8
9VZQ6F
TGK0WT
OY08GZ
XSVZ0D
BFRKF9
CBDXF8
1VS9QF
PT071D
KBCFC4
5HQ6Q1
NG3F32
3ZQXA0
VQOHN8
R6K3NN
DU2WPI
WUW1GT
6NJM2L
E3JLKC
0MMPBY
8MBD9S
Y6ONRQ
KX1MEO
WG3MIE
T8NV0Q
YCYRIP
F8O0K0
O28GGT
CUKEIZ
A76MNW
F8AXZB
Y8VHIH
6A83R9
U3QWTG
HT4X71
XIUR3F
W60HWI
16POZQ
E6DUQI
SIYCM3
ZZZ0GT
WL5QMO
92X34E
P744X1
SEXNZ1
48VWJW
VU6JZQ
BHG1C2
47BUD0
K37RQC
8KXOTH
WZ554S
ZXFM38
6YILX5
7IO1HN
KBELH8
65TXXV
Y7ZAOQ
GOT1Q8
MLBZRG
5J27IG
A3V1AB
87IQL6
4GUYLW
UN8POU
AP1P22
3F8KRI
ZFQJC2
G3KBTC
QRR3UD
X44PQ5
L3JFGX
C46LR1
H2SYCW
9IQHUM
W5KMKH
WLPIH0
9POY01
33MG0O
6ETE8H
9WZFD1
RW0OBO
6H23C1
53RBO2
R32WTS
KZB7TJ
S94SF3
2JPT0K
S7YXP1
95HSEC
F2UYER
5KHGBC
K6KTO9
SCAC39
R1OH6S
6B7AUF
W4TWYR
AHBI71
977RFO
BMYQJ8
ANUBU0
N6ABEV
27X6PE
YO5UIV
WJO6G8
ACCZA8
AXXYP7
9GKWO4
NI9HZM
56NZY5
6EMA2B
FABQ6B
CE1YVD
9UJ390
GFZMB0
YK4KTZ
X84YOA
CCO57P
6AMLZ8
DFV4BB
I1A9KN
GLTV85
HYZPDJ
4GC7KI
25VIKL
LMGOVW
V8AX7D
JHLPNI
1PTL8P
OT4EOH
20QL99
GLAXRC
66KGAG
2YFUSB
RL9VZ9
R33C81
VAQUUW
AD16DN
X125VU
WVKC41
CK9HO2
MNW2UP
49KEEG
QJLYCF
MLE1R8
40XBN0
1II4O1
7260I3
3TIC7R
4ERJJ6
B0A1WL
AMVPX0
T0WOJK
0069AH
UCNTO8
B5E83E
IL1Y5J
2GC7YO
QST4AD
8A5TCS
MOBVBC
Z8Z2GE
1WIEX7
862X02
C47NOC
U5WGQX
UZT4UI
CF5CCT
KNDGX7
FIRT80
FCT7AL
VAUKLY
X42K17
I2AZ06
68WFIM
72MI1G
ZD6MZS
T6L2KV
DQE0YJ
JYUHNW
09SYAD
84QHWJ
CC7PCK
9JRUMW
S25BL7
GQXBVP
SFEXGH
V4RJXI
X2T4P3
MOY444
PHFY8S
8DSIE3
KCN0O2
JAPN5M
102L0Q
QQCUFC
EN4YQF
XO4VOF
AEB0B5
J7CY61
TYU8HO
LYIUL9
10FVW7
WDQE5D
33C7QB
1KHY22
Z164JF
K9SJDH
VJBA07
VP0FVG
AFAJX4
2IM33L
D8V6OI
GIDQ3P
ICU1EW
BVIJLZ
V523JX
GC5YWJ
XE2OE0
4G9YUJ
D3PDQG
UY1BJR
F4L77Y
O1CIFK
JEEPNH
Z8CP0R
TCY2WB
XHEXMH
JV9CKB
Z97W6J
W5JY3X
3YMALU
OJI51T
J6LXGV
T5JOFW
VELH3W
Z1DLJQ
RT1MH6
8YUCG1
57A8EZ
G8PHEQ
33PHCF
RID2U5
X1F9P2
2Y6LU0
ZKE8K8
03PX3F
CUS8AY
PRX1CQ
GFW2ZB
NZJKTF
KXS4XL
VJMEMH
A9T8L1
BD55NO
64HU13
3YQJKU
64BEDG
OKXLHO
3B69PM
HR9FK4
8QGRSO
R3NH2K
M25Q22
VGXPMH
W2R5X5
1FM03Z
2HUY2I
A2OHO4
MIXR0N
DZNW4O
ALENQG
O5K7HH
N8AFGT
JM3CN4
IYYFJQ
T4QMX8
0F8CWZ
O8HPCU
IA86WQ
92ACPX
FZL55K
C6A7QX
BH5JHL
M3BPGH
TDPL7X
4UPXNU
R1YH7D
LC19QE
RXGU9A
8BFDLM
F5UJO8
2SXGGE
XKODWK
NJ9442
UHWFXI
FS7SX2
1FDE11
C4ZXA5
EQUPR3
TY9RQP
15315A
EA7JK1
SR8AMU
557PGA
P5OHRJ
D86RVG
A0EAZU
N9EBBW
Y306WQ
O7WBI8
RJ68SQ
9DCTS6
7GQ12I
KP3296
C6X24T
0WGXZ9
K2GA2V
UB8Z93
NCLHA4
NNY3QI
DR8QBE
V0OVZI
0WTJZ8
6YU9NK
W962OR
84F947
86U7KZ
6HY4WV
0XP18U
FQNB8S
WS1TS2
XSW7ZG
4YLW9F
ETGDV4
5GA790
7WNY4G
E4AEOK
MXJL5L
FVKKZK
9I4Q4T
3S2QUU
ENWVHE
4FIFGG
8XZHVY
NIJVMQ
I5JXN2
AYKH8N
O6UEIJ
B9CQAD
CS9NKS
3VR4J8
3O5BN8
Q9UMCP
LEJMCZ
QSLHWU
5HMR69
FOQW0F
OM4DSK
C6VEGY
13U76N
FMLQU4
0GM09D
5AOUDD
4TNA69
9V5YRV
QA2ILS
LBZ8RU
9N9QK0
FS9LW8
1J1IS9
9NM2L9
SPCHYI
WR3RI0
9XFBEC
D61T8N
GGLWDN
LXU75A
KJ5EAO
ZYAM5P
QMID7A
8YMIHS
MW0997
FIJHAT
B3NVV7
J0P3XG
IR5PYM
1APHBF
GJA732
4GXFV7
CGNPSR
73J79E
TVDP1V
9DHV36
9243LW
UM90XT
GN2C38
7FJAEN
KF4NTZ
P5SI4F
DE64UM
K0H5DN
7XFHLX
9RZQQA
WWAHKO
IQ2ZXA
15OYNM
GJZDV3
9158EG
5IAON7
WUI1K8
6HWN0L
5ROYVP
3C3XSZ
D4GTQL
04DT43
GFQQWC
MH1LKA
0NJHZQ
8UH6BK
ERHR9W
U3T01H
G3AVG8
OYU03J
XYSPRG
JHKBUS
0LH3B5
7QQLOZ
D70K91
GW4PYF
52CYZO
9WO88G
FNGZRE
IJHFLE
LBL5OF
1WI931
LVO24N
92G32D
1O4PQQ
80KPO7
M2KL4C
01FUWE
PEYQ9Z
RL4CU9
H9X3CD
AL05L4
GVZ75T
Q2YYWV
VMRH2A
Q1JTH0
0ADZ9W
EU9KM9
ROD0GH
FO58J1
PY8O8H
9L5AED
TB92G3
TPHN9K
1K2KZZ
LL69UU
18DRG6
FW0F2M
U96OA5
4Q2CW1
J5WAE9
IQ0IUX
VP0VFU
FLO8WI
YQUDX3
G9MEIU
1W2PF7
IWDT1O
XPLZM0
8JXALH
29SP4J
XD3RJR
GHAK2H
YHYU85
1RTY62
EJER1R
GR7J04
1QZ2W9
WDKOM8
M4YMWB
H9R5ET
O5T4QM
Q9CLCO
B1IVX4
OF2VT0
7YL6PC
5CQ8YY
96WVGA
YUP9II
JFYWNC
BN9TJU
WTHUBT
2HX0YG
P8B8DQ
0NH2US
FBP4YE
PRWVE9
7W3C87
IUSGMR
LEAMKB
922BM8
CLSZJC
7V8SM7
C7VZ1P
TYVAS5
P6T3SI
7JL9A8
I3YNQD
5ADUX1
OHM5TX
K69O9W
BLESPI
JBSLYH
PW2VO3
AUS4QO
7QIPLL
S125EQ
D3W5XD
0SAV1E
GBUSE0
EECTI3
NB12D6
W98HB9
X02ZTY
KAVA2X
SWED10
NZONFW
FOCDWK
POWC1S
PP167U
SA2LRK
WY6RW7
Z5IQ4H
3BHL4P
PCEGAJ
076E39
5BD3LR
Z44WBC
HUIYGC
9SLAQB
LVAJZM
KCU00Z
N48AJL
A2WYN5
R6Y8LP
3RN4NY
HM3UR6
3UEIT2
MHZPD7
O294S1
RE4R44
2S0E5L
RNUTKT
JE6TPO
K21HIL
GL2HQM
B62DMQ
JG0ZNV
YG02FL
O8V5M0
X192U6
AB30SM
ABL1XK
IKOYGG
7U2BHB
8X86PU
YS1VGV
7T3RLP
TH74S1
0FOSYI
1DVA15
IMCTMO
XHY015
NF43PR
KVOZ3Z
E2R5DE
KHJM73
MGE8J5
L9W4DY
IM9QCP
1CVKUB
FWOZZ1
6GBKL1
JCCUG2
IHO22M
WH0SON
53AHEJ
PF2PVP
L6SISK
UPJH6E
PI0507
YF3S3W
TSKTRS
WSZWZR
8UX0VW
384PA2
YGGLTY
XZIW0R
42T6IC
WK3X1N
53T14O
1IW0BC
PVLRKN
LYLO05
SBP251
F3TYOB
94PQ2T
J9BL4S
3VW5DX
AQPHLG
DKVPET
N36HNB
RVTUOX
I41NZ6
0PGPQI
PBE0AM
VL6WIU
WROXGU
Q9HDRK
PD5IIL
XGGACZ
6XRI79
BAC2AF
ZNOAXG
2MK53R
16YELX
D16FDQ
351KDW
UXTZFI
LPM95G
RTUZUK
DD0S7M
0ZWSZ8
EKH1SZ
GPYLA9
EKWY4S
U2QO1M
V450BO
2XAPQR
TX2024
V9VV92
KSLTLQ
9CD6NT
U64T09
324OWU
91TZ3O
TY86C7
C7QMT0
A2N0PS
KQRR1I
SI530O
N8KFU5
1TP36D
H8AW3E
6JNHVP
0G40QY
0RXFW1
PO1WPB
KTORVI
E1MAAG
4PM9PY
YH5T8X
2HR2D6
RK4B9J
HOELKU
LGZY7B
59HPT0
L9XE0P
3TW6A4
3U0OM4
R9REY0
20S3LP
0WQ456
EXKYV3
ZQ7HJX
GYWXMB
X06Q8D
7WSTN9
SG1QXY
BKW9NF
DRL0Q0
I0E2GW
79NM8W
8VMO9L
U06C68
ON5X9M
EPOZCL
I0PWP4
PUZHUT
R8W40L
62TC0B
KY09Q0
7LU5RY
6J4TDI
H69EMW
4LX0H3
82XDE7
KSLLON
BZJUA9
KBTRDU
D9H6PO
AFJV8Z
4WDZ33
QW5QOG
R62YIH
CIFCOK
O6DJTN
ZUEQ42
LXNA8E
9L3R3Z
IBWGZR
44BOBV
FFJ254
XYN360
XNX4EY
IJ9RIQ
T80KD0
ON3JN9
QL33GN
5C8YU7
YLJMI6
FGWP0G
3260HM
8Y0C7C
Y78KD5
S6JUIH
G8OILS
OIG46P
CLSGLL
4VDKSS
L22NHO
1DUR00
XZ09WS
D4QODF
HH4SN3
RQRG8N
XRPI7G
2CU7ZY
23US2I
OM2AZD
UUNSCA
O4QSFT
L3DDHC
KCFG2F
8IFANT
R5B5GR
TG2AQ4
KSA0KZ
N2QWMH
YRP9CS
SMD87Z
5ETL5S
WAX07E
AK2C82
WLI5X9
ZNUJF6
SAFUNF
URUECE
K3G01K
041TBE
GK4E07
LMPJN0
PDBYGZ
VZ1HSX
SW77KE
UN55Y5
ZCOWT3
P0VQY5
BYHVG9
T5U6O9
77KZ24
RRYC5G
EDRQ3M
XMPG42
FXTWCC
RYX2EQ
OTTBPN
BZGLIO
044LNX
E49GSM
JZYOEQ
4C2WM1
6HR9PB
0QE4HE
C338V4
BNC0GU
9PSYMF
4X9YKF
5P2SZX
3LPWSP
J5HOLR
JQ4EM9
EWJZUQ
2PE13K
XI99CY
076RR7
HLKGA8
V5Q7TK
DI9VHW
QU8NPA
M61FBH
RFOB1Z
V6F4HW
6QTA3U
0JNPQD
Z1ZUKT
Y2W1PH
8QIMJ5
EAAWYL
YR5Z4H
RWNLL4
MDITAA
EXKA0S
32TQTC
XUO6MV
MAPI47
8LLOQD
W7U1PX
CZK9J4
NS21FF
PZ3Q4L
MWA129
FQPX72
139POA
0IOB07
5YNHMI
JUE9XP
J85PT8
LT43X7
5ZT0CB
ATVFN8
JYPWGM
81PSS5
OL56PY
7QBXHQ
UVMZW6
50LRI4
HDXW1X
H6GPEZ
V9DW1U
G1BBNB
1CRUML
A03EVP
Y2QSGT
KRTE3P
UBT2B9
SOR5YF
1DP728
IHTNW5
6Z6DXI
2NGRX8
PU14F1
Q0UB2C
F4VPIA
6RCIRZ
DM3NAU
IJ7Y34
837JQB
SGEEQL
2N7AAS
TEFESP
68T7VW
2ZFY63
TZ4VKU
CUBAED
TGHEU1
SS2YJC
CZBR14
MBEFPX
53LSPJ
WQ7RJM
17XI12
5GSHTS
6VI2SP
RCVJ0T
230X46
MI04P7
118RK2
1XDD8H
VXDBV7
G09OD4
GP26P6
V31M3H
POLN6G
WT9FHC
G472R9
C50M45
AM9U0S
2Q88S4
XAR3NP
MX30JB
AEWB71
83UOI4
MGV14C
8WZ6O0
ZTEAKC
S52U06
WF9J91
RSVM45
JDP5T6
U6BBKL
U662KB
P1MXGZ
YR9ZMN
Y0LPNC
VQGN83
RRW5P0
885T41
3X1HPN
36GCVQ
9VC7UD
WQP5SZ
BLC0AB
JELOYM
5T4WJF
RSJ154
RFNMSP
YB8OE0
2LC96S
358FH8
4FDUMZ
LD90VH
VCXA2G
VKVU2T
DL2TVM
2Z41C0
BADOD1
4ZPI0W
12XHSD
D5YM4U
QOBUDT
8I8QZD
MTO35S
KRX6Y7
8DIQ1H
JGQ590
33D7WG
9NDZE0
D1PA67
NDJYF1
6BPW2O
4KZGQ0
K3U619
20G2RE
DZOE3P
D57J5V
4PYLXP
GKLMVM
C8B97R
V0W6H3
3FXNZN
2XUWNM
8JWL2R
DIC3QA
TKCDLW
S7Y4LV
KRCW8S
CVGXKN
RSOZBL
NQGQCG
4K1WWL
W0VY5N
ZQP63V
PADZ9T
UXKV0C
AA3GLI
7PDYTH
9K0SOI
Q56L5Y
UZSX6M
0N8BAD
JKL0FM
V0PJCH
FWMII2
WVJA1U
940ZMY
G2X9J4
1OPSYF
1U3B6P
BXC5ED
1U4IIK
Q6B4XS
P6Q1DM
J8HRXY
YWG2EP
A2T0EB
MGYISU
GQU4SE
781QLG
BDO7UO
UFCGFE
MPO0RH
25R4NC
6RRVHD
SHQ230
XSTOE4
HA85FC
E645PU
BERWJQ
YBG3FA
BO4WGB
2WGCQ4
QWZALP
IKQ5K4
CSDYMY
Q9Q06N
ENAEBK
60XLRI
RS2LS4
V496TK
GN0JLK
SRZ3M2
NFEH33
S0BPRS
KW6DCR
Y88BKL
V47PXX
0H0UEO
8I9D3F
7R0E9J
4A1T2F
H3T1XO
ECASJF
WFYTEI
0WTQ18
9V3PYJ
ZWBG7Z
CRV6NM
BI1LF1
9FVNAB
VC79VM
12LRY4
79DZC0
PMFI0E
ZH4JWZ
J36NU6
SZMC4E
0ZG8I4
3G9IIA
ZTMEE9
SZGB6B
YDSA7B
UPJI8A
4QRT8U
Y2WFWH
2J0KMN
QDI5NN
ZPJ42S
GK5YRO
BRDCAH
EYY4NU
UFQ889
WJC86G
Q8C69R
XR3TA6
45L4SM
6J1GC7
NBJO6X
O38KBY
75VMH6
PE06N8
ODLPXI
1X44WK
W1MGA1
JVOX3F
5ELD9X
1NZVNI
8YEXPT
09818D
CC84OF
PIEK9M
CIQASJ
X27HPL
WEN1XS
XJFFJ5
4UTDDB
ZHWFHK
BRL878
ADCTLD
DD695Q
VH42ZZ
78G3HG
3NORRT
ZEGPBW
TSCBBV
6V7URD
564025
SB9IHO
DLLU5A
5E3CK4
HWLZKP
ZAM4CF
C938XL
KUKFI7
P3SIHR
5XBA67
U49GKC
TQL2XJ
IIYN8U
E5IY2T
A3OMCL
TDFXX1
18GE64
4M73SR
UHW0R0
XG3ZQJ
QUWV83
7Z7GKO
HVMXGZ
9VL3T1
CV18CV
MLAQOE
69EIMX
UXJNF3
JUB7FE
96BBH5
UUHYY8
CR8EEM
VVWVL2
HC0YJT
4WGNXP
E9W7KQ
IP8H1X
NZVDDR
05Q82K
1H0RUO
N3Y2KI
PQAGZV
6CHYB2
4RCM4K
30A856
KAS7YA
2UVBUF
8ROCZF
DIM0LG
FS3Q7Z
3AIJA3
FIC3YO
D53MT3
MDR9BC
TDY8GB
Q17KVU
ZBPAOV
SVFSTR
I0ANMA
6R8SMV
YFPDWQ
X7HXNW
AC6WUN
EZFVK2
7M61H8
OH7EH2
5BWLHZ
LYY1UT
LIXQP9
ZOPAB1
6UQ1ZK
ZESFPG
0BY2WC
5FLAAX
CQHJYG
Y73L92
GS6CUU
AJDRVO
FOBM63
OSCCEB
FFQT8C
WGQLMQ
OVP1B8
UP5NLN
52QJ8T
FUHXQG
RH19CW
RDID72
XCBKCU
UUSK1R
E6PNFC
F8IJWM
YZNYKU
H8JAWI
UI7IAB
OAKKH9
C63MPA
GFV654
GY5LZF
R82ATM
4D6UBX
XYDRBQ
3GEHAJ
YLVP2C
CX8B8Z
WA6WVA
QCRR2U
UFQMN8
Y67VYA
C1PM74
JIC6MG
JUELN8
D35K68
9WO7LI
YWYPKG
R73GI2
Z97X98
1UO67G
ISH5CD
B9LAHH
8IZ91I
8M008Q
9GDD81
G5FVYO
YJWJLV
9ZUHRI
C4VN2C
X011KV
TCTTIA
E8ZL10
