ids
DEGFBM
PMFI0E
TSCBBV
060QD5
IHTNW5
4TNA69
6Z6DXI
VVWVL2
R1OH6S
BJBLCD
H8AW3E
IA86WQ
60XLRI
8YEXPT
JBSLYH
1FM03Z
TYVAS5
XUO6MV
ZUEQ42
X2T4P3
W563OR
9VC7UD
TJOQL0
D2SMW1
Q9HDRK
KQRR1I
D1PA67
JQ4EM9
FVKKZK
NDJYF1
S94SF3
6CHYB2
DL2TVM
SMD87Z
PUZHUT
86U7KZ
DM3NAU
D4GTQL
6YU9NK
IVQCQF
I5V6FG
O8HPCU
7HQZXK
PU14F1
J5WAE9
FCT7AL
3AIJA3
4A1T2F
7LU5RY
POWC1S
J7CY61
F2UYER
TG2AQ4
VF6S0N
66KGAG
RFNMSP
OT4EOH
2XAPQR
J8HRXY
JCCUG2
9N9QK0
U662KB
GOT1Q8
JO668C
N2QWMH
0LH3B5
UXKV0C
2XUWNM
AEB0B5
S7YXP1
M25Q22
O8V5M0
RVTUOX
PW2VO3
OYU03J
KZB7TJ
W98HB9
C46LR1
RL4CU9
GC5YWJ
I0E2GW
6J8D8Q
20QL99
PCEGAJ
XKODWK
D4QODF
D3PDQG
CRV6NM
EKH1SZ
DRL0Q0
B9CQAD
K3Y8SF
K7F2ZV
UAAXGA
XYDRBQ
Y88BKL
G09OD4
Z1DLJQ
SBP251
O5T4QM
V8AX7D
KVOZ3Z
0RXFW1
U96OA5
6EMA2B
UN8POU
2GC7YO
FX2FHX
XHY015
64HU13
CF5CCT
FMLQU4
71DB6K
Y6ONRQ
WG3MIE
D7HUQY
BNC0GU
5HMR69
1O4PQQ
PT071D
LXU75A
J9BL4S
5HQ6Q1
O1CIFK
A03EVP
B62DMQ
GJA732
DD695Q
URUECE
CZK9J4
I0ANMA
WUW1GT
LXNA8E
K69O9W
ZHWFHK
YLVP2C
VP0FVG
JDP5T6
M2KL4C
77KZ24
ZKE8K8
XFSM07
R62YIH
45L4SM
8QIMJ5
2DRVCT
LV9V1E
U6BBKL
YF3S3W
O5K7HH
BDO7UO
4Q2CW1
AEN29Z
7T3RLP
9IQHUM
2RKT5S
CIFCOK
G3KBTC
0YRCG4
36GCVQ
IMCTMO
U2QO1M
T0WOJK
R1TGJV
Q9CLCO
Y73L92
6YEMS7
FOCDWK
C1GCCP
73J79E
NRV5XH
XD3RJR
CLSGLL
W0VY5N
QDI5NN
9UJ390
W60HWI
O7WBI8
4FDUMZ
RJ68SQ
VJBA07
AFJV8Z
NZVDDR
DT6VJ9
H8JAWI
MAPI47
1IW0BC
Z97W6J
7M61H8
LTLPN2
T80KD0
QL33GN
JODF2Q
15OYNM
240WDP
YWYPKG
AYKH8N
U6G9EA
LBL5OF
KUOEHI
IJ7Y34
WLDBC7
BO4WGB
MHZPD7
C6X8WX
0GM09D
TY86C7
L3DDHC
OTTBPN
KCFG2F
81PSS5
QW5QOG
ZGUTHR
68T7VW
GJZDV3
6H23C1
VO6ZUP
6HR9PB
33PHCF
KRCW8S
J5HOLR
E49GSM
2LC96S
8BSFWL
EXKYV3
GFQQWC
230X46
VH42ZZ
5C8YU7
WK3X1N
D53MT3
VQGN83
VZ1HSX
DPDDIH
FS3Q7Z
W5JY3X
FS7SX2
GW4PYF
JIC6MG
RXGU9A
MI04P7
NPNSMB
2ZFY63
885T41
1LZFIK
UL2SLU
V0OVZI
U64T09
VKVU2T
V9DW1U
16YELX
ZABSDC
8X66JZ
F8AXZB
6JNHVP
9CD6NT
CUS8AY
82XDE7
Y78KD5
RVXGH3
IKQ5K4
R3NH2K
0BY2WC
LMGOVW
GFW2ZB
BH5JHL
2NGRX8
8DSIE3
K927KP
NCLHA4
47BUD0
6J4TDI
8VMO9L
GKLMVM
53AHEJ
D70K91
6QTA3U
X7HXNW
0G40QY
GCV6BV
T4QMX8
BYHVG9
GY5LZF
OH7EH2
O294S1
UN55Y5
GK5YRO
7WSTN9
6N2N46
SIADUL
A3V1AB
JO775E
VU6JZQ
ABL1XK
2JPT0K
MVGF37
1DYOFK
KSA0KZ
0F8CWZ
K9SJDH
IBWGZR
29SP4J
9DHV36
V5Q7TK
CY1GZT
6VI2SP
FW19EW
LEAMKB
0139FS
5BD3LR
C7QMT0
1II4O1
87IQL6
05Q82K
102L0Q
HM3UR6
2YFUSB
D35K68
VZ4LZ6
01FUWE
64BEDG
CSDYMY
ZD6MZS
5BWLHZ
RQRG8N
2Q88S4
S125EQ
DIC3QA
CVGXKN
5YNHMI
2PE13K
WS1TS2
Y9ZFF4
6JL6T4
GQU4SE
98W84E
ZTEAKC
S52U06
F52JRQ
F8O0K0
IVAP1S
OKXLHO
CQHJYG
YB8OE0
KNDGX7
977RFO
QZEKC7
NS21FF
4GXFV7
0H0UEO
C8VH2B
SWED10
ZBPAOV
AUS4QO
P5OHRJ
5MEDFG
HUIYGC
25R4NC
F5UJO8
09818D
0NJHZQ
R6Y8LP
H7MAH4
JR9M37
WQ7RJM
RYX2EQ
PQAGZV
GZPA2P
FO58J1
G3AVG8
IS0BBB
R73GI2
PDBYGZ
922BM8
9V3PYJ
CC7PCK
X4KEW6
ENAEBK
PI0507
R3PMFJ
REAZ89
C4ZXA5
UHW0R0
076E39
JUELN8
SA2LRK
4GUYLW
I41NZ6
044LNX
ZQ7HJX
AYQ9SS
P9AFWO
F4VPIA
7FJAEN
1DVA15
50RMLG
OIG46P
ON3JN9
8JXALH
N6ABEV
BVIJLZ
IP8H1X
1CRUML
IHO22M
WQP5SZ
BX3ID6
PF2PVP
QSLI7R
ESIFIY
RRYC5G
6XRI79
8A5TCS
KW6DCR
XYN360
LC19QE
1DUR00
LMPJN0
YDSA7B
TZ4VKU
0JNPQD
5T4WJF
WU3ZRK
TKCDLW
QL2WLD
74V8HT
ONMHZ9
BD55NO
ON5X9M
FFQT8C
Z8Z2GE
MGYISU
79NM8W
56NZY5
LIOYDE
6R8SMV
TVDP1V
WVKC41
JQVZPQ
O6UEIJ
J1HADE
DLLU5A
8M008Q
0PGPQI
3BHL4P
69EIMX
Z1ZUKT
ZCV2NM
5HSVZA
7XFHLX
QMHR2R
8OJLTE
PZ3Q4L
F4L77Y
T0CVMT
VCRZYZ
WLPIH0
Y2WFWH
WH0SON
PEWWN4
TX2024
13U76N
2S0E5L
XHEXMH
D30MET
IKOYGG
E9W7KQ
BERWJQ
XNX4EY
UB8Z93
EQUPR3
LYLO05
X42K17
R9REY0
8I8QZD
ECASJF
C1O37V
FWMII2
R1P1FA
P0VQY5
DD0S7M
KSLTLQ
YLJMI6
5N8NVC
C47NOC
6NJM2L
NQGQCG
441AMF
3YQJKU
3U0OM4
PRX1CQ
2HUY2I
8DIQ1H
20G2RE
X44PQ5
G472R9
RDID72
W1MGA1
RS2LS4
52CYZO
QQH33L
K0H5DN
B0A1WL
GR7J04
D5YM4U
MLE1R8
V0PJCH
5XBA67
W962OR
JHLPNI
KBCFC4
2UVBUF
DE64UM
4WDZ33
NNY3QI
IJ9RIQ
9K0SOI
JELOYM
44BOBV
D9H6PO
92X34E
FIRT80
ENWVHE
4PYLXP
V9VV92
YO5UIV
FQPX72
FGWP0G
VCXA2G
RID2U5
9L5AED
XCBKCU
R1YH7D
ST5FL8
48VWJW
EA7JK1
K2GA2V
UXTZFI
XPLZM0
XSWHMR
Q9DQK3
DIM0LG
U57EH5
1UO67G
UI7IAB
72MI1G
7V8SM7
5KHGBC
JUE9XP
UHWFXI
JGQ590
XJFFJ5
M4JRAD
92G32D
HYZPDJ
PVLRKN
U44279
837JQB
V4IC3F
W2R5X5
BZGLIO
9GKWO4
91TZ3O
W4TWYR
E645PU
E5IY2T
4Q2UCP
DZNW4O
0FOSYI
5P2SZX
HDXW1X
YG02FL
VP0VFU
G9MEIU
CUKEIZ
MW0997
6RRVHD
9NDZE0
X27HPL
HA85FC
EWJZUQ
TDFXX1
KCN0O2
ISH5CD
KJ5EAO
RK4B9J
BZJUA9
C4VN2C
LYY1UT
862X02
XMPG42
KY09Q0
WFYTEI
KYWZ7N
UY1BJR
U3QWTG
SPCHYI
RH19CW
YQUDX3
VSSBXV
LL69UU
8BFDLM
K3G01K
49KEEG
FONBA3
YR9ZMN
YS1VGV
N9NIRT
DFV4BB
U94AEF
GLAXRC
AD16DN
1OPSYF
0EXTDF
SFEXGH
5GA790
CC84OF
FLO8WI
781QLG
9XFBEC
XSW7ZG
5ETL5S
J6LXGV
JEEPNH
8YMIHS
TMCG0E
ZYAM5P
WJO6G8
IQ0IUX
351KDW
YR5Z4H
S6JUIH
X1F9P2
AQ1QM0
MBEFPX
T5JOFW
HRJ17G
CV18CV
EZFVK2
8IZ91I
0WQ456
5CQ8YY
IIYN8U
YL3OEP
Y2W1PH
VAUKLY
QCRR2U
97090T
7U2BHB
EXQWL2
K21HIL
XIUR3F
3TIC7R
9ZUHRI
Y0LPNC
O7OR68
UPJI8A
A3OMCL
84QHWJ
Y8VHIH
QQCUFC
8Y0C7C
UBT2B9
8JWL2R
OF2VT0
B1IVX4
SRZ3M2
324OWU
5AOUDD
SG1QXY
1TP36D
BVZY8O
1X44WK
I2AZ06
XO4VOF
PBE0AM
T5U6O9
CBDXF8
6ETE8H
ETGDV4
KRTE3P
NJ9442
FOQW0F
E2R5DE
14ROMS
6O5XSO
0BNT80
96WVGA
6A83R9
QOBUDT
YBG3FA
KBPP70
L22NHO
D57J5V
6UQ1ZK
Q1JTH0
S7Y4LV
ICU1EW
3B69PM
H64R06
C50M45
9TQ5LO
KHJM73
XAR3NP
R6K3NN
JZYOEQ
AHBI71
G2X9J4
KAS7YA
WI3MG7
3X1HPN
SZMC4E
O38KBY
QMID7A
RSVM45
6B7AUF
FXTWCC
0NH2US
1WI931
MOBVBC
AP1P22
10FVW7
JHKBUS
E4AEOK
IHW3M2
HOELKU
FQNB8S
JG0ZNV
X02ZTY
CS9NKS
8I9D3F
07DBZD
GPYLA9
Z4YJNP
TQL2XJ
3GEHAJ
70OSSL
QUWV83
6V7URD
564025
A2T0EB
BMYQJ8
ZWBG7Z
OIWOM7
91Q9SR
V4RJXI
UPJH6E
JM3CN4
OAKKH9
AQPHLG
5ADUX1
3VW5DX
1XDD8H
3RN4NY
3VR4J8
YJWJLV
IYYFJQ
A39C6E
B3NVV7
4KZGQ0
94PQ2T
2WGCQ4
XI99CY
8LLOQD
9RZQQA
XSVZ0D
M61FBH
B0Q8HD
80EZ16
QRR3UD
H69EMW
4K1WWL
3LPWSP
L6SISK
FNGZRE
1APHBF
UXJNF3
I8ZPED
LT43X7
VQWLBO
18DRG6
E3JLKC
YDMRLA
N3Y2KI
E6DUQI
GNX0G3
Q2YYWV
6YILX5
0ZG8I4
77P2UY
KTORVI
D16FDQ
16POZQ
XRJ0H5
NBJO6X
U6PUPR
384PA2
84F947
JV9CKB
Q56L5Y
HT4X71
8XZHVY
NZONFW
VQOHN8
AEWB71
WSZWZR
MGE8J5
P8B8DQ
LPM95G
U49GKC
Z44WBC
9V5YRV
53RBO2
EN4YQF
CLSZJC
PD5IIL
F8IJWM
ZCOWT3
V450BO
6NIB2O
DQE0YJ
WZ554S
P6Q1DM
25VIKL
AUZSRK
PRWVE9
ZFQJC2
XZ09WS
2Y6LU0
O6DJTN
076RR7
W1PR17
EKWY4S
B9LAHH
MLBZRG
AM9U0S
2HX0YG
WJOMU6
X192U6
WJC86G
WTHUBT
B5E83E
2J0KMN
KPLHVT
3NORRT
CUBAED
0SAV1E
UFCGFE
80U8KY
1VS9QF
MTO35S
UKTX4G
J36NU6
G5FVYO
7Z7GKO
EAAWYL
8WZ6O0
JBX7S9
GL1TP3
IM9QCP
GS6CUU
EECTI3
LYIUL9
1W2PF7
P1MXGZ
U5WGQX
LEJMCZ
NG3F32
4ERJJ6
R33C81
RRW5P0
SRCHJD
9WO7LI
YWG2EP
C6X24T
RSJ154
WF9J91
GNI36Z
CQR8D5
T8NV0Q
GHAK2H
7WNY4G
FZL55K
G1BBNB
18GE64
5HTX6B
XAOIF7
V523JX
J85PT8
RT1MH6
L3JFGX
50LRI4
WWAHKO
AC6WUN
WGQLMQ
95HSEC
0G42R2
H9R5ET
0ZWSZ8
MDR9BC
WDKOM8
BLESPI
WT9FHC
H9X3CD
I5JXN2
GQXBVP
ODLPXI
4SAQ1J
KBTRDU
SR8AMU
ORR36N
EPOZCL
RTUZUK
BAC2AF
Q17KVU
AK2C82
7GQ12I
AJSXK4
QST4AD
PE06N8
NIJVMQ
58P6HY
MNINPL
UUNSCA
Q0UB2C
YUP9II
4E3WHI
2ZMJ6C
4RCM4K
42T6IC
1CVKUB
1WIEX7
ZZZ0GT
PHFY8S
7T1EW9
6GBKL1
8X9K47
YP57PI
SCAC39
MVBJCZ
BADOD1
BHG1C2
HMRMTM
33C7QB
8ROCZF
ADCTLD
YHYU85
WDQE5D
SHQ230
GFV654
PIEK9M
V31M3H
C8B97R
MPO0RH
ZGF2TZ
0XP18U
VZZ5X0
0N8BAD
TYU8HO
YRP9CS
96BBH5
N8KFU5
19H2RP
9158EG
AB30SM
LVO24N
AFAJX4
FWOZZ1
S0BWPT
JAPN5M
139POA
56P4BB
DU2WPI
VXDBV7
MWA129
GP26P6
12XHSD
9SLAQB
53T14O
HV470A
3C3XSZ
4UTDDB
DZOE3P
3F8KRI
TH74S1
QA2ILS
UM3PXK
TCY2WB
IV14ZY
SS2YJC
FL3DVS
MBK3PM
1Q8GKB
QWZALP
5IAON7
04DT43
TPHN9K
4D6UBX
3FXNZN
2MK53R
A2N0PS
VYFZK3
AXXYP7
XE2OE0
ATVFN8
0WTQ18
AMVPX0
H4L317
UZSX6M
3DZMDA
358FH8
D3W5XD
K7B4YU
PADZ9T
RWNLL4
8UH6BK
Y70TO1
SAFUNF
FABQ6B
557PGA
O28GGT
MH1LKA
52QJ8T
FXOBWD
92ACPX
1U3B6P
YHYNSO
KP3296
4YLW9F
4C2WM1
SB9IHO
8QGRSO
1PTL8P
MCSP88
TDY8GB
BRL878
NF43PR
SEXNZ1
3878J3
7JL9A8
GFZMB0
FFJ254
GN0JLK
KBUB4R
9VZQ6F
VGXPMH
1K2KZZ
LGZY7B
PNWQNL
SGEEQL
GN2C38
IUSGMR
ANUBU0
ZH4JWZ
LBZ8RU
P6T3SI
BN9TJU
2N7AAS
59HPT0
K37RQC
32TQTC
JKL0FM
2IM33L
9JRUMW
KUKFI7
CCO57P
ZEGPBW
5GSHTS
4VDKSS
RSOZBL
AA3GLI
NZJKTF
KHNNOK
KX1MEO
3S2QUU
SZGB6B
BRDCAH
8X86PU
V47PXX
MAB2WB
IXE6FD
5ROYVP
X84YOA
WROXGU
DP41R5
GIDQ3P
GL2HQM
SW77KE
L9XE0P
XRPI7G
I0PWP4
0ADZ9W
H3T1XO
6HWN0L
ALENQG
1H0RUO
NI9HZM
D2S095
D61T8N
X011KV
ZK7HUS
5ELD9X
Y2QSGT
1KHY22
XSTOE4
0IOB07
Q51CZT
EX7WKU
IR5PYM
OM4DSK
ZTMEE9
SVFSTR
0WGXZ9
E1MAAG
JVOX3F
YK4KTZ
XGGACZ
C6VEGY
AD6BM2
C63MPA
7QBXHQ
WR3RI0
FBP4YE
15315A
2SXGGE
3260HM
PP167U
WY6RW7
N8AFGT
SOR5YF
GYWXMB
JE6TPO
O4QSFT
A2WYN5
U06C68
27X6PE
4X9YKF
MOY444
N9EBBW
H2SYCW
EXKA0S
ZOPAB1
OJI51T
9DCTS6
4WGNXP
UZT4UI
N36HNB
A76MNW
MLAQOE
WL5QMO
4GC7KI
JNAXDJ
CTDP09
ZAM4CF
5ZT0CB
5Z0WT4
MDITAA
TB92G3
MQE7WO
79TU33
DKVPET
3ZQXA0
9POY01
OV9JPS
Z164JF
CR8EEM
GK4E07
YAU95H
BLC0AB
C6A7QX
7LISLD
S0BPRS
8UX0VW
RCVJ0T
17XI12
CK9HO2
33MG0O
7260I3
RE4R44
PY8O8H
R5B5GR
5B9ZWW
9GDD81
2CU7ZY
4ZPI0W
4UPXNU
ROD0GH
R8W40L
1NZVNI
9VL3T1
5E3CK4
JYUHNW
6J1GC7
VMRH2A
20S3LP
EDRQ3M
3YMALU
7HM2Z5
HWLZKP
MNW2UP
0069AH
MFLM2O
YCYRIP
VJMEMH
R32WTS
G8PHEQ
V496TK
5FLAAX
LVAJZM
A0EAZU
KBELH8
UUHYY8
EYY4NU
RW0OBO
IJHFLE
57A8EZ
Y306WQ
ZNUJF6
Y67VYA
1U4IIK
I3YNQD
V0W6H3
IWDT1O
OVP1B8
FS9LW8
RFOB1Z
79DZC0
8YUCG1
UCNTO8
ZPJ42S
XPN8XD
Q8C69R
XG3ZQJ
7PDYTH
RL9VZ9
WA6WVA
3O5BN8
9NM2L9
KAVA2X
1J1IS9
30A856
75VMH6
E5CC21
2SUU9Z
1QZ2W9
MBA3G1
AL05L4
LIXQP9
MGV14C
53LSPJ
XRR9AO
W35A8M
3BVQ5K
GBUSE0
M4YMWB
Q6B4XS
Q9Q06N
A9T8L1
7QIPLL
CE1YVD
C7VZ1P
ACCZA8
E1JA1M
65TXXV
FIC3YO
12LRY4
MIXR0N
NB12D6
OL56PY
CIQASJ
LC7N5Q
V6F4HW
D0KAO8
FUHXQG
TGHEU1
WAX07E
3UEIT2
BFU9IQ
NFEH33
SI530O
Q6L8XX
IL1Y5J
EU9KM9
Z7C1RY
4QRT8U
P6KMYH
A9L9CD
E6PNFC
LBUYMZ
HVMXGZ
VAQUUW
HH4SN3
40XBN0
0WTJZ8
TCMDOV
RVL51L
L9W4DY
3ZCP47
3TW6A4
UFQMN8
33D7WG
UFQ889
TX471Q
6AMLZ8
Z8CP0R
7IO1HN
BWRWC9
OHM5TX
UM90XT
OSCCEB
7R0E9J
9I4Q4T
N48AJL
F3BIKI
WUI1K8
9L3R3Z
R82ATM
GGLWDN
OY08GZ
80KPO7
2Z41C0
JFYWNC
JUB7FE
GVZ75T
SIYCM3
QU8NPA
K6KTO9
HLKGA8
4RHYNC
OM2AZD
0MMPBY
CZBR14
2HR2D6
4PM9PY
C338V4
9WZFD1
CX8B8Z
UUSK1R
68WFIM
TGK0WT
ERHR9W
9FVNAB
78G3HG
4LX0H3
M3BPGH
ZQP63V
1V8EBB
KVZQK0
SKUKQM
5KKUR9
C938XL
V2QCMM
FW0F2M
DTB52I
K3U619
1FDE11
5J27IG
Y7ZAOQ
IQ2ZXA
VL6WIU
09SYAD
041TBE
IFBMYT
YGGLTY
4FIFGG
KXS4XL
M1P60Y
SZ6B14
D8V6OI
TSKTRS
1DP728
I1A9KN
P3SIHR
7W3C87
UP5NLN
XR3TA6
J0P3XG
WVJA1U
CGNPSR
8MBD9S
V1Y3TI
G8OILS
8IFANT
Z5IQ4H
GLTV85
8KXOTH
LD90VH
2I1YL0
C1PM74
XZIW0R
YH5T8X
HZAOA9
H6GPEZ
EJER1R
NSWIXS
KRX6Y7
BFRKF9
TCTTIA
FOBM63
PEYQ9Z
ZXFM38
4M73SR
Y3NPKA
X125VU
LG3953
23US2I
9PSYMF
X8BGBT
3G9IIA
X06Q8D
VELH3W
52LN24
MX30JB
KCU00Z
D86RVG
UVMZW6
PO1WPB
E8ZL10
03PX3F
1RTY62
HR9FK4
JFIPHC
Q9UMCP
BKW9NF
YZNYKU
9243LW
FIJHAT
0QE4HE
POLN6G
HC0YJT
BXC5ED
9HB3UE
TV7ZJD
T6L2KV
P744X1
AJDRVO
XYSPRG
TEFESP
DR8QBE
095TGF
BI1LF1
WLI5X9
118RK2
QSLHWU
JYPWGM
S25BL7
7DCAIU
CQ0NED
62TC0B
Y2341P
940ZMY
9WO88G
KSLLON
Q6WMCP
VC79VM
ZNOAXG
Z6HQ86
F3TYOB
MXJL5L
6BPW2O
WEN1XS
RBO7EP
K3O76W
TDPL7X
7YL6PC
ZESFPG
P5SI4F
W7U1PX
Z97X98
W5KMKH
6HY4WV
TY9RQP
YFPDWQ
KF4NTZ
