ids
IMCTMO
C6X8WX
G8PHEQ
R8W40L
2XUWNM
VZZ5X0
1U3B6P
Y3NPKA
XGGACZ
E4AEOK
N36HNB
JE6TPO
LD90VH
QMID7A
20QL99
5J27IG
XYSPRG
1II4O1
MW0997
D70K91
HH4SN3
MQE7WO
8YEXPT
XKODWK
RSVM45
UXJNF3
6CHYB2
0SAV1E
VU6JZQ
OKXLHO
SKUKQM
U06C68
WJOMU6
Y2341P
SZ6B14
0N8BAD
CIFCOK
MBEFPX
YS1VGV
09818D
4FDUMZ
KUOEHI
EN4YQF
J9BL4S
QU8NPA
Z1ZUKT
J5HOLR
SEXNZ1
Y2W1PH
9DCTS6
K7F2ZV
R5B5GR
POLN6G
GYWXMB
U64T09
FFJ254
G1BBNB
ZAM4CF
PT071D
XRR9AO
FLO8WI
1W2PF7
R32WTS
KTORVI
RSOZBL
1PTL8P
MOBVBC
044LNX
UP5NLN
IVQCQF
1IW0BC
BERWJQ
Q9CLCO
GC5YWJ
2ZMJ6C
IJHFLE
BO4WGB
W5JY3X
UN8POU
IUSGMR
A3V1AB
ZHWFHK
HRJ17G
102L0Q
R1OH6S
M25Q22
4PM9PY
HMRMTM
POWC1S
SPCHYI
3UEIT2
ZQ7HJX
65TXXV
E6DUQI
K9SJDH
HLKGA8
12XHSD
V0OVZI
80U8KY
4UPXNU
2SXGGE
5YCYNE
0ADZ9W
PW2VO3
NI9HZM
7QBXHQ
KP3296
HC0YJT
8BSFWL
M1P60Y
7R0E9J
9L5AED
OVP1B8
T0CVMT
E6PNFC
N2QWMH
OM4DSK
VMRH2A
DL2TVM
3LPWSP
EXKA0S
N9NIRT
KXS4XL
F52JRQ
441AMF
YL3OEP
X42K17
VELH3W
Y9ZFF4
H4L317
ZKE8K8
S52U06
977RFO
33C7QB
S6JUIH
VZ4LZ6
M61FBH
52CYZO
BNC0GU
UZSX6M
TKCDLW
3RN4NY
CRV6NM
KHJM73
XPN8XD
7DCAIU
YR5Z4H
HM3UR6
5Z0WT4
42T6IC
9158EG
XSVZ0D
RID2U5
B9LAHH
H9X3CD
N48AJL
9GKWO4
UY1BJR
FONBA3
WTHUBT
C1O37V
AHBI71
9IQHUM
DM3NAU
8Y0C7C
60XLRI
1J1IS9
VYFZK3
6H23C1
F3TYOB
6VI2SP
XZ09WS
ZWBG7Z
BAC2AF
L3JFGX
3FXNZN
3S2QUU
9VL3T1
T6L2KV
CX8B8Z
V47PXX
7V8SM7
BZJUA9
4RCM4K
18DRG6
UUSK1R
Y7ZAOQ
3O5BN8
HUIYGC
RFOB1Z
IXE6FD
RYX2EQ
XIUR3F
TVDP1V
MBA3G1
O8V5M0
3G9IIA
S94SF3
O4QSFT
CR8EEM
LIXQP9
T5JOFW
AYKH8N
87IQL6
3YQJKU
TY9RQP
OHM5TX
YAU95H
IKQ5K4
1CRUML
KW6DCR
HA85FC
8JWL2R
1DP728
D2S095
71DB6K
LVAJZM
7QIPLL
ATVFN8
Q6WMCP
VSSBXV
AP1P22
KY09Q0
AYQ9SS
91TZ3O
EJER1R
U6PUPR
C47NOC
NB12D6
U3T01H
OT4EOH
F8O0K0
WA6WVA
X192U6
16POZQ
Z8CP0R
Q2DKB6
MGYISU
KCN0O2
SG1QXY
53LSPJ
FO58J1
4VDKSS
6AMLZ8
9K0SOI
TDPL7X
7M61H8
IP8H1X
XFSM07
MOY444
M4YMWB
53AHEJ
G2X9J4
KZB7TJ
0BNT80
V2QCMM
0XP18U
8QGRSO
LYIUL9
DD0S7M
K2GA2V
LV9V1E
GFZMB0
1WIEX7
Z4YJNP
GQU4SE
V4RJXI
WLDBC7
U5WGQX
A2WYN5
U6BBKL
WUI1K8
XG3ZQJ
H6GPEZ
TSKTRS
GL1TP3
GGLWDN
O5T4QM
0G40QY
KYWZ7N
BH5JHL
0PGPQI
CUKEIZ
XJFFJ5
O7OR68
6Z6DXI
7260I3
I0E2GW
SIADUL
YQUDX3
FNGZRE
3878J3
KBTRDU
UI7IAB
KVOZ3Z
C6X24T
IWDT1O
7LISLD
WROXGU
N9EBBW
CC7PCK
W5KMKH
HWLZKP
I5JXN2
J5WAE9
4Q2CW1
5BWLHZ
Z44WBC
BVIJLZ
MDR9BC
JR9M37
GY5LZF
1O4PQQ
15OYNM
H9R5ET
I41NZ6
SMD87Z
YJWJLV
MI04P7
GOT1Q8
RWNLL4
YP57PI
BD55NO
5HMR69
NRV5XH
CVGXKN
VP0FVG
68WFIM
V8AX7D
3VW5DX
WY6RW7
BLC0AB
384PA2
E49GSM
CLSZJC
3U0OM4
QJLYCF
D30MET
JYPWGM
4X9YKF
IJ7Y34
MGE8J5
3B69PM
U94AEF
FXOBWD
Z7C1RY
K927KP
5KHGBC
10FVW7
QWZALP
2S0E5L
MWA129
RVTUOX
32TQTC
MNINPL
AM9U0S
F4L77Y
SI530O
5T4WJF
LXU75A
4Q2UCP
6J4TDI
BXC5ED
DLLU5A
P9AFWO
B62DMQ
JM3CN4
FMLQU4
781QLG
UXTZFI
56P4BB
V5Q7TK
DZNW4O
KRCW8S
PZ3Q4L
9243LW
O5K7HH
MVGF37
YHYNSO
NFEH33
1H0RUO
44BOBV
R9REY0
XSW7ZG
5HSVZA
8XZHVY
VKVU2T
K3G01K
RW0OBO
NJ9442
UUHYY8
XSTOE4
AB30SM
KSLTLQ
O38KBY
4LX0H3
IA86WQ
HVMXGZ
WLI5X9
64BEDG
47BUD0
YWYPKG
ECASJF
ZGF2TZ
VAUKLY
TX2024
AFAJX4
6V7URD
ORR36N
GJA732
O1CIFK
ZOPAB1
R6Y8LP
RL9VZ9
96WVGA
Y67VYA
NZJKTF
SWED10
ZQP63V
SW77KE
KCU00Z
7U2BHB
23US2I
A2T0EB
83UOI4
FCT7AL
25R4NC
BADOD1
G09OD4
Q6B4XS
CBDXF8
UHW0R0
EKH1SZ
QST4AD
YHYU85
81PSS5
VXDBV7
1QZ2W9
557PGA
ON3JN9
JQVZPQ
T0WOJK
V31M3H
2Q88S4
F3BIKI
A2OHO4
12LRY4
E645PU
REAZ89
3F8KRI
4FIFGG
ZYAM5P
KJ5EAO
0JNPQD
XYN360
0NJHZQ
6HR9PB
8UH6BK
A2N0PS
D16FDQ
BHG1C2
0139FS
4QRT8U
LBL5OF
7WSTN9
3BHL4P
YF3S3W
7HQZXK
OIWOM7
KRX6Y7
ESIFIY
64HU13
Y2WFWH
9FVNAB
DIC3QA
U2QO1M
JG0ZNV
KHNNOK
GS6CUU
TX471Q
Q2YYWV
RT1MH6
C7QMT0
QW5QOG
WFYTEI
4M73SR
ZBPAOV
IVAP1S
FIJHAT
A3OMCL
3YMALU
TG2AQ4
C7VZ1P
56NZY5
IKOYGG
RVXGH3
W962OR
Q17KVU
B0A1WL
FIRT80
I0PWP4
IV14ZY
ERHR9W
O294S1
H8AW3E
Q1JTH0
NNY3QI
EKWY4S
FABQ6B
3ZCP47
0WTJZ8
9I4Q4T
Q0UB2C
E2R5DE
2JPT0K
WK3X1N
GNX0G3
0069AH
K3O76W
6N2N46
E5IY2T
GCV6BV
WEN1XS
ONMHZ9
1UO67G
FWOZZ1
CLSGLL
9WO7LI
VQOHN8
72MI1G
84F947
G9MEIU
AFJV8Z
MPO0RH
Q8C69R
L22NHO
PIEK9M
KRTE3P
5BD3LR
FBP4YE
HR9FK4
ROD0GH
7WNY4G
PY8O8H
2RKT5S
358FH8
UM3PXK
82XDE7
9VZQ6F
QSLHWU
AA3GLI
1FDE11
79DZC0
U3QWTG
A9L9CD
5KKUR9
SZMC4E
RH19CW
6NIB2O
V0W6H3
8OJLTE
6ETE8H
0FOSYI
I8ZPED
NCLHA4
52LN24
IFBMYT
118RK2
OTTBPN
X7HXNW
WWAHKO
JUE9XP
YK4KTZ
2Y6LU0
C8B97R
XPLZM0
JNAXDJ
XRJ0H5
G3KBTC
BLESPI
0ZG8I4
0RXFW1
GVZ75T
X84YOA
6YU9NK
LL69UU
K69O9W
F4VPIA
P3SIHR
NG3F32
4GXFV7
O8HPCU
0WGXZ9
P6KMYH
8X86PU
92ACPX
MAB2WB
PEWWN4
9UJ390
2HX0YG
L6SISK
TPHN9K
8UX0VW
EQUPR3
BN9TJU
FL3DVS
5FLAAX
VO6ZUP
URUECE
XE2OE0
6JNHVP
PF2PVP
S7Y4LV
OF2VT0
2NGRX8
UFCGFE
EECTI3
HZAOA9
0G42R2
VF6S0N
0ZWSZ8
NIJVMQ
62TC0B
5ELD9X
MCSP88
B3NVV7
RRYC5G
R1P1FA
D3W5XD
J8HRXY
SVFSTR
OAKKH9
WJC86G
Z1DLJQ
GN2C38
JHLPNI
4YLW9F
EWJZUQ
SFEXGH
XD3RJR
RNUTKT
W4TWYR
QDI5NN
FUHXQG
BI1LF1
2N7AAS
6J8D8Q
LYY1UT
G8OILS
ZXFM38
WGQLMQ
S7YXP1
2HUY2I
F2UYER
UFQ889
IHO22M
GPYLA9
O6DJTN
5HTX6B
YBG3FA
CQR8D5
YDSA7B
A0EAZU
FIC3YO
RS2LS4
6YEMS7
VQGN83
6J1GC7
LBUYMZ
GKLMVM
L9W4DY
WDQE5D
KSA0KZ
M4JRAD
S0BWPT
CS9NKS
UCNTO8
TGK0WT
3DZMDA
T80KD0
6QTA3U
QA2ILS
X8BGBT
73J79E
K21HIL
8VMO9L
E9W7KQ
X44PQ5
CV18CV
DFV4BB
0NH2US
LMPJN0
VCRZYZ
01FUWE
GBUSE0
D35K68
D86RVG
LGZY7B
W563OR
95HSEC
S25BL7
WI3MG7
KBPP70
9JRUMW
OSCCEB
92G32D
Y0LPNC
OL56PY
A9T8L1
7JL9A8
SOR5YF
UAAXGA
6UQ1ZK
862X02
QOBUDT
WZ554S
5CQ8YY
GHAK2H
84QHWJ
TJOQL0
5ROYVP
KCFG2F
CUBAED
N3Y2KI
KAVA2X
AJDRVO
4GC7KI
W60HWI
BX3ID6
MGV14C
3C3XSZ
LMGOVW
D7HUQY
Q9Q06N
A76MNW
MTO35S
59HPT0
ZK7HUS
DPDDIH
DE64UM
R3PMFJ
KAS7YA
MXJL5L
FX2FHX
15315A
ZEGPBW
86U7KZ
WQ7RJM
AEB0B5
ADCTLD
564025
J1HADE
9N9QK0
885T41
H69EMW
RBO7EP
LG3953
3GEHAJ
YZNYKU
1DYOFK
PVLRKN
R73GI2
KPLHVT
UXKV0C
PRX1CQ
VZ1HSX
7PDYTH
VJMEMH
PP167U
LC7N5Q
V1Y3TI
LBZ8RU
K7B4YU
ODLPXI
C63MPA
D4GTQL
W1MGA1
80KPO7
BRDCAH
9XFBEC
5P2SZX
ALENQG
AUZSRK
4G9YUJ
OV9JPS
YH5T8X
P5OHRJ
M2KL4C
QMHR2R
ACCZA8
7IO1HN
97090T
ZTEAKC
GNI36Z
076RR7
WH0SON
QL2WLD
L9XE0P
0IOB07
UPJI8A
JELOYM
S0BPRS
V6F4HW
230X46
CZBR14
UN55Y5
ENWVHE
FS3Q7Z
R3NH2K
FQNB8S
UZT4UI
D0KAO8
N6ABEV
V9VV92
0GM09D
K3Y8SF
1X44WK
DQE0YJ
X125VU
SGEEQL
9WZFD1
1NZVNI
JAPN5M
W1PR17
IL1Y5J
RK4B9J
IIYN8U
TSCBBV
ABL1XK
H8JAWI
6HY4WV
X4KEW6
TY86C7
D5YM4U
WS1TS2
49KEEG
YUP9II
53RBO2
C6VEGY
IS0BBB
3NORRT
SIYCM3
U96OA5
2CU7ZY
9SLAQB
JKL0FM
WVJA1U
RTUZUK
AK2C82
1DUR00
7GQ12I
XYDRBQ
H3T1XO
4KZGQ0
Z8Z2GE
IHW3M2
6BPW2O
HT4X71
5ZT0CB
9HB3UE
XMPG42
GK5YRO
ZCOWT3
BFRKF9
ZFQJC2
W2R5X5
7XFHLX
3TW6A4
W35A8M
79NM8W
YFPDWQ
PDBYGZ
4ERJJ6
TMCG0E
U662KB
1V8EBB
4UTDDB
JIC6MG
Y78KD5
PO1WPB
Y306WQ
30A856
3AIJA3
MBK3PM
ZUEQ42
8DIQ1H
U44279
A03EVP
PE06N8
QQCUFC
PADZ9T
EZFVK2
14ROMS
FW19EW
XSWHMR
GFQQWC
RVL51L
50RMLG
8LLOQD
DD695Q
VVWVL2
GW4PYF
BFU9IQ
IJ9RIQ
TYVAS5
J85PT8
XHY015
OJI51T
LEJMCZ
IM9QCP
UBT2B9
5E3CK4
D3PDQG
36GCVQ
2XAPQR
Z164JF
D8V6OI
1LZFIK
TYU8HO
MX30JB
6YILX5
ICU1EW
JFIPHC
PEYQ9Z
139POA
PCEGAJ
B1IVX4
HYZPDJ
J0P3XG
7T1EW9
RJ68SQ
CIQASJ
LEAMKB
U6G9EA
WT9FHC
C46LR1
0BY2WC
ZNOAXG
3X1HPN
IHTNW5
33MG0O
GP26P6
GR7J04
4GUYLW
6R8SMV
VCXA2G
0YRCG4
T5U6O9
FOCDWK
V4IC3F
PHFY8S
KF4NTZ
7T3RLP
4SAQ1J
C4VN2C
WF9J91
VGXPMH
0QE4HE
3TIC7R
SB9IHO
BDO7UO
1K2KZZ
GLAXRC
1APHBF
NBJO6X
EDRQ3M
27X6PE
CUS8AY
5GA790
Q56L5Y
9CD6NT
E1JA1M
GIDQ3P
Q9HDRK
837JQB
DZOE3P
DIM0LG
AD6BM2
1RTY62
6A83R9
XI99CY
2LC96S
KX1MEO
YO5UIV
20G2RE
MHZPD7
MVBJCZ
G5FVYO
0H0UEO
JBX7S9
2UVBUF
68T7VW
1U4IIK
4ZPI0W
8QIMJ5
EXKYV3
5GSHTS
9POY01
40XBN0
05Q82K
W98HB9
X02ZTY
6JL6T4
ZABSDC
9NDZE0
X2T4P3
OYU03J
SR8AMU
UL2SLU
YCYRIP
6RRVHD
Z97X98
I3YNQD
D53MT3
CZK9J4
5YNHMI
FFQT8C
9DHV36
QCRR2U
H2SYCW
IBWGZR
XZIW0R
Z97W6J
JODF2Q
45L4SM
V450BO
240WDP
EU9KM9
UHWFXI
LTLPN2
KBCFC4
AQ1QM0
MNW2UP
YRP9CS
G472R9
8M008Q
5C8YU7
1TP36D
V0PJCH
4RHYNC
WJO6G8
R33C81
JFYWNC
DU2WPI
6O5XSO
LT43X7
351KDW
4WDZ33
JZYOEQ
ST5FL8
PFXON9
TH74S1
4C2WM1
8YMIHS
CTDP09
VJBA07
MLAQOE
Y8VHIH
D1PA67
IQ2ZXA
NQGQCG
O6UEIJ
R1TGJV
53T14O
RE4R44
D4QODF
EYY4NU
57A8EZ
P8B8DQ
WSZWZR
0F8CWZ
J36NU6
AQPHLG
9NM2L9
0LH3B5
ZESFPG
NF43PR
4WGNXP
V523JX
9RZQQA
D2SMW1
6GBKL1
JO775E
1OPSYF
9VC7UD
Q51CZT
PI0507
6B7AUF
IR5PYM
TDY8GB
J6LXGV
75VMH6
29SP4J
YDMRLA
PMFI0E
JQ4EM9
20S3LP
UKTX4G
5XBA67
6HWN0L
JDP5T6
CC84OF
RRW5P0
E8ZL10
LVO24N
D61T8N
1FM03Z
7W3C87
DP41R5
K6KTO9
BWRWC9
8I9D3F
VQWLBO
P6Q1DM
9GDD81
AJSXK4
Z6HQ86
GFW2ZB
GQXBVP
6RCIRZ
ZZZ0GT
G3AVG8
LXNA8E
DT6VJ9
CF5CCT
AXXYP7
GK4E07
ZD6MZS
18GE64
DI9VHW
Y6ONRQ
QUWV83
FWMII2
XR3TA6
LYLO05
H7MAH4
7Z7GKO
K0H5DN
X011KV
LPM95G
1Q8GKB
095TGF
FQPX72
TB92G3
UFQMN8
K37RQC
U49GKC
33D7WG
ZH4JWZ
4TNA69
JO668C
5ETL5S
TCY2WB
S125EQ
XO4VOF
7YL6PC
B5E83E
LIOYDE
ZCV2NM
NPNSMB
O7WBI8
VAQUUW
XAR3NP
UB8Z93
FW0F2M
C1PM74
17XI12
H64R06
77KZ24
SAFUNF
FZL55K
JCCUG2
YG02FL
2Z41C0
CCO57P
HDXW1X
8MBD9S
BKW9NF
KSLLON
OIG46P
9PSYMF
TCMDOV
GFV654
D57J5V
TGHEU1
SBP251
ANUBU0
ENAEBK
6XRI79
WAX07E
MFLM2O
EXQWL2
E5CC21
MDITAA
33PHCF
PQAGZV
P5SI4F
QL33GN
NZVDDR
DTB52I
M3BPGH
AL05L4
PU14F1
SS2YJC
V9DW1U
AMVPX0
2WGCQ4
CK9HO2
5N8NVC
0MMPBY
9ZUHRI
AD16DN
QQH33L
O28GGT
041TBE
BRL878
4A1T2F
5IAON7
X27HPL
YR9ZMN
YGGLTY
CE1YVD
AUS4QO
WDKOM8
Y73L92
RXGU9A
JGQ590
FGWP0G
C50M45
SCAC39
FOBM63
5B9ZWW
P0VQY5
9TQ5LO
19H2RP
5AOUDD
SRZ3M2
XHEXMH
PUZHUT
UVMZW6
RQRG8N
B0Q8HD
TEFESP
WL5QMO
MLBZRG
8IZ91I
UUNSCA
JVOX3F
4E3WHI
RCVJ0T
FXTWCC
FS7SX2
YB8OE0
2YFUSB
4PYLXP
8YUCG1
324OWU
CGNPSR
J7CY61
6NJM2L
04DT43
XNX4EY
69EIMX
TV7ZJD
48VWJW
N8KFU5
1VS9QF
R82ATM
2I1YL0
8X9K47
KNDGX7
CQHJYG
BYHVG9
940ZMY
2SUU9Z
DKVPET
X1F9P2
8A5TCS
0BTWTU
9L3R3Z
A39C6E
X06Q8D
98W84E
MH1LKA
66KGAG
ON5X9M
IYYFJQ
BZGLIO
V496TK
MIXR0N
PBE0AM
TZ4VKU
JUELN8
AEWB71
MAPI47
8JXALH
JYUHNW
GZPA2P
Q6L8XX
8BFDLM
FS9LW8
DRL0Q0
3BVQ5K
JUB7FE
Q9DQK3
1KHY22
L3DDHC
IQ0IUX
52QJ8T
2HR2D6
JEEPNH
W0VY5N
NSWIXS
VL6WIU
AC6WUN
0EXTDF
RL4CU9
YWG2EP
GJZDV3
C6A7QX
8X66JZ
PD5IIL
R1YH7D
XRPI7G
25VIKL
DR8QBE
RFNMSP
I2AZ06
92X34E
UM90XT
E1MAAG
EA7JK1
ZTMEE9
DEGFBM
QRR3UD
94PQ2T
2MK53R
MLE1R8
P1MXGZ
7FJAEN
4K1WWL
8I8QZD
YLJMI6
ISH5CD
VC79VM
FOQW0F
ZPJ42S
5HQ6Q1
WR3RI0
1CVKUB
NS21FF
XUO6MV
CQ0NED
F5UJO8
TCTTIA
076E39
F8IJWM
SRCHJD
SZGB6B
2ZFY63
C338V4
C1GCCP
QSLI7R
CSDYMY
WLPIH0
PNWQNL
0WQ456
ZGUTHR
K3U619
96BBH5
50LRI4
922BM8
09SYAD
P6T3SI
KBELH8
80EZ16
P744X1
BMYQJ8
RSJ154
77P2UY
8ROCZF
GLTV85
GL2HQM
WUW1GT
03PX3F
LC19QE
OM2AZD
NZONFW
5MEDFG
8WZ6O0
EAAWYL
3260HM
E3JLKC
70OSSL
R6K3NN
Y70TO1
9V3PYJ
AEN29Z
8DSIE3
2IM33L
3ZQXA0
1DVA15
C8VH2B
HV470A
GN0JLK
91Q9SR
XAOIF7
HOELKU
TDFXX1
T8NV0Q
Z5IQ4H
WQP5SZ
T4QMX8
U57EH5
TQL2XJ
BJBLCD
PRWVE9
KVZQK0
16YELX
060QD5
3VR4J8
JV9CKB
WG3MIE
XCBKCU
9V5YRV
Q9UMCP
UPJH6E
7QQLOZ
KQRR1I
BVZY8O
KUKFI7
13U76N
07DBZD
JBSLYH
78G3HG
2PE13K
OY08GZ
SHQ230
4D6UBX
WVKC41
R62YIH
8KXOTH
N8AFGT
EX7WKU
VP0VFU
74V8HT
1WI931
79TU33
QZEKC7
FVKKZK
Y88BKL
58P6HY
1XDD8H
JHKBUS
VH42ZZ
I0ANMA
B9CQAD
ETGDV4
5ADUX1
C4ZXA5
NDJYF1
2GC7YO
Y2QSGT
W7U1PX
OH7EH2
I5V6FG
7LU5RY
8IFANT
D9H6PO
CY1GZT
2DRVCT
EPOZCL
C938XL
