ids
SOR5YF
XSVZ0D
TZ4VKU
YQUDX3
K927KP
7Z7GKO
1V8EBB
GFZMB0
5ZT0CB
1TP36D
GL2HQM
4M73SR
9VL3T1
SB9IHO
44BOBV
2S0E5L
R73GI2
IJHFLE
3O5BN8
WROXGU
YFPDWQ
S94SF3
8DSIE3
7IO1HN
9VC7UD
7WNY4G
7QBXHQ
TDPL7X
C7VZ1P
8WZ6O0
R1OH6S
E6PNFC
SA2LRK
XNX4EY
IQ2ZXA
LXNA8E
UXTZFI
324OWU
ZABSDC
WJO6G8
V0W6H3
Y78KD5
4C2WM1
BAC2AF
ZAM4CF
9NDZE0
LIOYDE
I5JXN2
TY86C7
HZAOA9
YRP9CS
9RZQQA
GS6CUU
FQPX72
GK5YRO
E9W7KQ
0LH3B5
R8W40L
LMPJN0
885T41
OL56PY
AXXYP7
91TZ3O
P0VQY5
5BD3LR
P3SIHR
JGQ590
UAAXGA
AQ1QM0
DP41R5
XUO6MV
BRDCAH
PRX1CQ
SEXNZ1
X84YOA
YDMRLA
Y2WFWH
YHYU85
7JL9A8
FS7SX2
19H2RP
EECTI3
79DZC0
Z6HQ86
L6SISK
AD6BM2
MTO35S
2RKT5S
8OJLTE
VJMEMH
UKTX4G
Q6L8XX
ATVFN8
XSWHMR
2Q88S4
KSLLON
X1F9P2
NSWIXS
FXTWCC
4Q2CW1
WS1TS2
MIXR0N
ZKE8K8
H6GPEZ
4E3WHI
KVZQK0
UHW0R0
SW77KE
FS3Q7Z
JE6TPO
WUW1GT
0YRCG4
XSW7ZG
RQRG8N
MX30JB
1DYOFK
3260HM
3878J3
0G42R2
53LSPJ
L9XE0P
G8OILS
UN55Y5
BH5JHL
J85PT8
U662KB
LYLO05
D3PDQG
V9DW1U
PO1WPB
JDP5T6
2I1YL0
5KKUR9
UM3PXK
Y70TO1
A2N0PS
8XZHVY
IJ9RIQ
I0PWP4
2SUU9Z
W35A8M
HH4SN3
53AHEJ
G8PHEQ
PHFY8S
OAKKH9
4FDUMZ
J5WAE9
KNDGX7
97090T
6QTA3U
2NGRX8
ISH5CD
UFQ889
ACCZA8
0BY2WC
LBZ8RU
SCAC39
MW0997
D2S095
Q8C69R
AJSXK4
A9L9CD
T8NV0Q
2XAPQR
GP26P6
P6KMYH
E1JA1M
FWOZZ1
GNI36Z
04DT43
9JRUMW
66KGAG
H64R06
AMVPX0
OIWOM7
JCCUG2
C47NOC
YL3OEP
OVP1B8
DZNW4O
SG1QXY
4D6UBX
W5KMKH
1DP728
09818D
YR5Z4H
JEEPNH
AJDRVO
Q9Q06N
YJWJLV
ZFQJC2
3ZQXA0
LC7N5Q
NZONFW
EAAWYL
C7QMT0
GQU4SE
Y2341P
6R8SMV
3TIC7R
HRJ17G
LEJMCZ
MHZPD7
BADOD1
CLSGLL
2CU7ZY
58P6HY
6XRI79
G5FVYO
0F8CWZ
20QL99
W0VY5N
7QQLOZ
SIADUL
I2AZ06
SRZ3M2
AC6WUN
5J27IG
6HR9PB
WVKC41
D35K68
9158EG
SWED10
MLE1R8
N48AJL
B0Q8HD
K3Y8SF
BLESPI
ZK7HUS
041TBE
ENWVHE
0H0UEO
KY09Q0
SMD87Z
Q6B4XS
CVGXKN
1CVKUB
ZD6MZS
MVBJCZ
PY8O8H
59HPT0
BWRWC9
KBTRDU
S0BPRS
4ERJJ6
6H23C1
MCSP88
JZYOEQ
2DRVCT
441AMF
W98HB9
ZNUJF6
PI0507
SPCHYI
X44PQ5
1J1IS9
EQUPR3
X011KV
5ETL5S
EPOZCL
9N9QK0
RSJ154
8MBD9S
2Z41C0
CUBAED
PUZHUT
ZHWFHK
M2KL4C
8X86PU
9GKWO4
12XHSD
Y306WQ
EJER1R
QMID7A
977RFO
FCT7AL
X7HXNW
H2SYCW
LGZY7B
H3T1XO
GBUSE0
Z164JF
1DVA15
JYUHNW
X42K17
5GSHTS
R5B5GR
60XLRI
6UQ1ZK
WQ7RJM
5YCYNE
FOCDWK
P5OHRJ
TVDP1V
U6BBKL
S6JUIH
IUSGMR
79TU33
FZL55K
GKLMVM
6AMLZ8
91Q9SR
XD3RJR
BRL878
IWDT1O
QJLYCF
O294S1
5T4WJF
XI99CY
JVOX3F
BZJUA9
RSVM45
BX3ID6
3VW5DX
A03EVP
BO4WGB
K0H5DN
D3W5XD
ESIFIY
IBWGZR
V450BO
YUP9II
5ELD9X
6J4TDI
YZNYKU
E2R5DE
MGV14C
25R4NC
6V7URD
50LRI4
7LISLD
CGNPSR
7QIPLL
87IQL6
J7CY61
QSLI7R
139POA
TYVAS5
9WO88G
Z8Z2GE
GW4PYF
OIG46P
G09OD4
E6DUQI
XAR3NP
Z97W6J
Y2W1PH
YLJMI6
K7F2ZV
UXKV0C
FO58J1
SHQ230
WT9FHC
XRPI7G
5ROYVP
102L0Q
QQH33L
LVAJZM
KX1MEO
4FIFGG
FQNB8S
HMRMTM
VH42ZZ
LIXQP9
FX2FHX
C6A7QX
XR3TA6
0GM09D
GFQQWC
W2R5X5
FABQ6B
47BUD0
A2OHO4
940ZMY
BERWJQ
1LZFIK
ENAEBK
AFJV8Z
KCU00Z
FBP4YE
HOELKU
FL3DVS
W4TWYR
IXE6FD
PVLRKN
33C7QB
CV18CV
P1MXGZ
2UVBUF
NNY3QI
9NM2L9
UVMZW6
CZBR14
4GC7KI
23US2I
MPO0RH
Q0UB2C
V1Y3TI
8Y0C7C
OHM5TX
KRCW8S
SRCHJD
C938XL
J36NU6
DFV4BB
NDJYF1
4RHYNC
CX8B8Z
WFYTEI
XCBKCU
Q9HDRK
2XUWNM
8I9D3F
QZEKC7
JNAXDJ
PNWQNL
D0KAO8
H7MAH4
Y67VYA
564025
D86RVG
118RK2
OJI51T
8M008Q
GR7J04
YR9ZMN
YH5T8X
IA86WQ
ODLPXI
1K2KZZ
V6F4HW
6HWN0L
CSDYMY
ZWBG7Z
5C8YU7
KHNNOK
D53MT3
OYU03J
8X66JZ
E5IY2T
OF2VT0
2WGCQ4
BKW9NF
WVJA1U
RL4CU9
BI1LF1
8UX0VW
JM3CN4
6RRVHD
TEFESP
U5WGQX
8ROCZF
Z97X98
ZXFM38
IVAP1S
KAVA2X
3RN4NY
BMYQJ8
RVXGH3
U64T09
8QIMJ5
7WSTN9
WJOMU6
DPDDIH
TDFXX1
WA6WVA
78G3HG
4LX0H3
NPNSMB
1NZVNI
79NM8W
KBELH8
FIRT80
RFOB1Z
5GA790
VSSBXV
E645PU
AFAJX4
M25Q22
QRR3UD
JIC6MG
5E3CK4
HV470A
ZEGPBW
MAPI47
M61FBH
D2SMW1
UFCGFE
0ADZ9W
PBE0AM
25VIKL
VELH3W
WDQE5D
KSLTLQ
4SAQ1J
XFSM07
DRL0Q0
YO5UIV
Q6WMCP
Y8VHIH
1WI931
VCXA2G
D57J5V
TGK0WT
7LU5RY
U2QO1M
X125VU
CR8EEM
MNINPL
18GE64
LMGOVW
HUIYGC
12LRY4
T5JOFW
80KPO7
CS9NKS
G472R9
RNUTKT
ZPJ42S
TSCBBV
0N8BAD
0PGPQI
4Q2UCP
JR9M37
8X9K47
NCLHA4
SZMC4E
SI530O
FFJ254
G3AVG8
9243LW
F4VPIA
NIJVMQ
9DHV36
5HQ6Q1
F2UYER
EN4YQF
AEWB71
RCVJ0T
JUELN8
RRYC5G
J6LXGV
UL2SLU
33D7WG
MNW2UP
RS2LS4
GN2C38
YHYNSO
F3TYOB
PDBYGZ
QUWV83
2N7AAS
J0P3XG
Q51CZT
RT1MH6
H9X3CD
2PE13K
WI3MG7
MLBZRG
1O4PQQ
0BTWTU
BDO7UO
FIJHAT
N9EBBW
BD55NO
Q9UMCP
QMHR2R
TG2AQ4
YS1VGV
VP0FVG
HA85FC
GCV6BV
KAS7YA
3YMALU
BNC0GU
NS21FF
70OSSL
9L5AED
C46LR1
837JQB
XYSPRG
9XFBEC
WGQLMQ
ZESFPG
71DB6K
XIUR3F
0BNT80
V4RJXI
9POY01
VO6ZUP
1U3B6P
U57EH5
JBX7S9
862X02
Z1ZUKT
QL2WLD
2MK53R
53T14O
QCRR2U
557PGA
VU6JZQ
LD90VH
HT4X71
VL6WIU
WSZWZR
XZIW0R
TSKTRS
FGWP0G
FLO8WI
781QLG
2ZFY63
5B9ZWW
4WGNXP
VGXPMH
4WDZ33
GFW2ZB
YWG2EP
C1PM74
JHKBUS
QOBUDT
4GXFV7
YCYRIP
F8AXZB
REAZ89
HYZPDJ
IHTNW5
ON5X9M
LG3953
PQAGZV
PADZ9T
P744X1
XRR9AO
KW6DCR
82XDE7
IJ7Y34
RYX2EQ
X8BGBT
5P2SZX
5MEDFG
0XP18U
01FUWE
CCO57P
L3JFGX
B5E83E
K69O9W
14ROMS
VAQUUW
RFNMSP
E3JLKC
AA3GLI
WR3RI0
AL05L4
JO775E
4X9YKF
TY9RQP
WLI5X9
X2T4P3
S52U06
RID2U5
A39C6E
EKWY4S
FWMII2
GY5LZF
Z5IQ4H
R1P1FA
1DUR00
RH19CW
RBO7EP
XO4VOF
UBT2B9
05Q82K
YB8OE0
ADCTLD
MLAQOE
XGGACZ
BVZY8O
69EIMX
URUECE
A9T8L1
3G9IIA
YBG3FA
42T6IC
S125EQ
HWLZKP
Q1JTH0
AEN29Z
JKL0FM
96WVGA
OY08GZ
F3BIKI
W1MGA1
D61T8N
230X46
Y6ONRQ
V0OVZI
TH74S1
5N8NVC
KUKFI7
MOBVBC
OM2AZD
V4IC3F
S7YXP1
WF9J91
KUOEHI
N36HNB
1KHY22
8KXOTH
6VI2SP
92X34E
KZB7TJ
SS2YJC
TX2024
DU2WPI
Z7C1RY
J9BL4S
IMCTMO
4QRT8U
GQXBVP
8IZ91I
GC5YWJ
T80KD0
J5HOLR
LVO24N
4TNA69
I0E2GW
YF3S3W
GPYLA9
0G40QY
CRV6NM
ALENQG
8BSFWL
Z1DLJQ
8LLOQD
RJ68SQ
3LPWSP
O7OR68
8YUCG1
X06Q8D
NI9HZM
G9MEIU
K3G01K
JYPWGM
LYY1UT
CUKEIZ
C8B97R
9K0SOI
ICU1EW
L9W4DY
MWA129
U94AEF
N2QWMH
JUB7FE
U49GKC
XPN8XD
351KDW
PT071D
7M61H8
V8AX7D
6J8D8Q
BYHVG9
8YEXPT
N9NIRT
FW19EW
AQPHLG
FMLQU4
2HR2D6
V2QCMM
8A5TCS
XAOIF7
6HY4WV
KRTE3P
6YU9NK
N8AFGT
NJ9442
XE2OE0
SAFUNF
Y2QSGT
0EXTDF
CIFCOK
73J79E
9SLAQB
Q2YYWV
8UH6BK
W1PR17
XPLZM0
KYWZ7N
B3NVV7
RVL51L
RSOZBL
IQ0IUX
RL9VZ9
GIDQ3P
1CRUML
R82ATM
A2WYN5
HM3UR6
7260I3
QST4AD
GZPA2P
7V8SM7
2IM33L
5IAON7
0MMPBY
ZH4JWZ
VF6S0N
O4QSFT
3F8KRI
MDITAA
BFRKF9
FS9LW8
UCNTO8
33PHCF
2LC96S
3B69PM
81PSS5
3VR4J8
MDR9BC
FFQT8C
WU3ZRK
WY6RW7
PFXON9
F5UJO8
O7WBI8
U44279
62TC0B
PCEGAJ
Y7ZAOQ
V5Q7TK
QL33GN
IYYFJQ
FXOBWD
D70K91
74V8HT
5ADUX1
BVIJLZ
UUSK1R
PE06N8
Q17KVU
9GDD81
64HU13
6ETE8H
0WTQ18
C6X24T
5AOUDD
83UOI4
XG3ZQJ
4VDKSS
KF4NTZ
HLKGA8
R3PMFJ
EWJZUQ
ROD0GH
7T1EW9
OTTBPN
R9REY0
LEAMKB
V9VV92
3ZCP47
56NZY5
4ZPI0W
Z8CP0R
AYKH8N
K2GA2V
NFEH33
BZGLIO
TMCG0E
TCY2WB
5HMR69
V0PJCH
15315A
TB92G3
P6Q1DM
29SP4J
5HTX6B
IR5PYM
RWNLL4
R6K3NN
MH1LKA
8BFDLM
E5CC21
F4L77Y
FUHXQG
3NORRT
6Z6DXI
9IQHUM
P6T3SI
MVGF37
O28GGT
U3QWTG
EX7WKU
ZYAM5P
1VS9QF
RDID72
JQVZPQ
AYQ9SS
0IOB07
8YMIHS
65TXXV
O8V5M0
DR8QBE
18DRG6
O1CIFK
R1TGJV
KHJM73
ZTEAKC
6RCIRZ
SIYCM3
UM90XT
OSCCEB
EXQWL2
S25BL7
FOBM63
8QGRSO
IHO22M
5KHGBC
IV14ZY
7T3RLP
6NIB2O
AUZSRK
B9CQAD
EYY4NU
GLAXRC
EU9KM9
52CYZO
9V5YRV
1XDD8H
68WFIM
V496TK
PW2VO3
HVMXGZ
D7HUQY
T6L2KV
LC19QE
DIM0LG
JELOYM
RTUZUK
044LNX
YK4KTZ
MI04P7
C50M45
C63MPA
ZNOAXG
I0ANMA
ZQP63V
07DBZD
KCFG2F
9PSYMF
4GUYLW
AP1P22
D9H6PO
6CHYB2
MQE7WO
WK3X1N
7W3C87
2HX0YG
GHAK2H
9TQ5LO
RE4R44
TCMDOV
MFLM2O
KBPP70
3FXNZN
2YFUSB
3S2QUU
VKVU2T
SZGB6B
03PX3F
K7B4YU
1II4O1
A76MNW
GJZDV3
9I4Q4T
9L3R3Z
GNX0G3
0ZG8I4
FW0F2M
Q9CLCO
FNGZRE
NZJKTF
SVFSTR
WWAHKO
V47PXX
C4ZXA5
S7Y4LV
VJBA07
VQOHN8
0WTJZ8
1WIEX7
30A856
JHLPNI
48VWJW
FOQW0F
53RBO2
QA2ILS
JQ4EM9
H8JAWI
0FOSYI
POWC1S
GN0JLK
F52JRQ
922BM8
N8KFU5
BFU9IQ
CIQASJ
CUS8AY
SBP251
1UO67G
84F947
1X44WK
84QHWJ
9VZQ6F
AK2C82
WLDBC7
VZ4LZ6
75VMH6
57A8EZ
CLSZJC
YGGLTY
UP5NLN
9ZUHRI
4RCM4K
ZOPAB1
NRV5XH
UPJH6E
Z4YJNP
H4L317
LXU75A
DIC3QA
B1IVX4
PF2PVP
40XBN0
JODF2Q
JFIPHC
3C3XSZ
ERHR9W
9HB3UE
XMPG42
YWYPKG
96BBH5
XHEXMH
QQCUFC
0QE4HE
ZCOWT3
C8VH2B
6GBKL1
SZ6B14
R62YIH
QDI5NN
RXGU9A
1IW0BC
4UPXNU
8VMO9L
1U4IIK
B9LAHH
7DCAIU
W5JY3X
45L4SM
DEGFBM
98W84E
DQE0YJ
DKVPET
3TW6A4
CQR8D5
JAPN5M
JBSLYH
O5K7HH
20G2RE
6O5XSO
ORR36N
9UJ390
PZ3Q4L
LPM95G
KPLHVT
SKUKQM
HDXW1X
TDY8GB
DE64UM
6EMA2B
IP8H1X
CY1GZT
DD695Q
2HUY2I
O38KBY
56P4BB
O6DJTN
KP3296
2ZMJ6C
LV9V1E
CTDP09
MGYISU
076E39
RW0OBO
KJ5EAO
HC0YJT
KCN0O2
K3U619
WDKOM8
0WGXZ9
DT6VJ9
C4VN2C
27X6PE
T5U6O9
ON3JN9
UY1BJR
I8ZPED
E1MAAG
92ACPX
WH0SON
D4GTQL
5CQ8YY
CC84OF
POLN6G
DZOE3P
W7U1PX
O5T4QM
4KZGQ0
GGLWDN
0069AH
0ZWSZ8
DTB52I
WLPIH0
TCTTIA
R32WTS
P5SI4F
V523JX
UZSX6M
3BHL4P
XRJ0H5
ZQ7HJX
5XBA67
ONMHZ9
VMRH2A
OT4EOH
7R0E9J
KVOZ3Z
G3KBTC
3U0OM4
K9SJDH
EKH1SZ
R33C81
A3OMCL
3GEHAJ
G1BBNB
XJFFJ5
Y9ZFF4
CE1YVD
M1P60Y
7FJAEN
1QZ2W9
DI9VHW
E49GSM
7HM2Z5
VC79VM
M4YMWB
3AIJA3
K3O76W
7GQ12I
2JPT0K
N3Y2KI
ECASJF
80U8KY
CF5CCT
6N2N46
X27HPL
9WZFD1
PMFI0E
R6Y8LP
240WDP
UFQMN8
095TGF
T0WOJK
7U2BHB
NQGQCG
GYWXMB
J1HADE
LBUYMZ
MGE8J5
GK4E07
LBL5OF
A2T0EB
4A1T2F
JV9CKB
EXKYV3
6YILX5
2J0KMN
OV9JPS
X192U6
YLVP2C
F8O0K0
OKXLHO
4PYLXP
1Q8GKB
WTHUBT
Q56L5Y
IFBMYT
ABL1XK
SR8AMU
U3T01H
UPJI8A
1W2PF7
E8ZL10
R1YH7D
0JNPQD
A3V1AB
33MG0O
IHW3M2
358FH8
3UEIT2
XYN360
1APHBF
32TQTC
MAB2WB
52QJ8T
72MI1G
FONBA3
Y73L92
EZFVK2
DL2TVM
5FLAAX
16YELX
CQ0NED
XYDRBQ
2SXGGE
NF43PR
6JL6T4
VP0VFU
IIYN8U
7PDYTH
WEN1XS
C6VEGY
7HQZXK
CK9HO2
ZCV2NM
EDRQ3M
AM9U0S
1H0RUO
UI7IAB
I41NZ6
VYFZK3
77P2UY
GOT1Q8
ZUEQ42
P8B8DQ
I5V6FG
77KZ24
KRX6Y7
CQHJYG
K21HIL
52LN24
YG02FL
IS0BBB
CBDXF8
3YQJKU
ETGDV4
80EZ16
AEB0B5
JG0ZNV
SGEEQL
8JXALH
U06C68
ZGUTHR
Q2DKB6
TYU8HO
WUI1K8
3X1HPN
XZ09WS
384PA2
JO668C
IL1Y5J
DD0S7M
U96OA5
0NJHZQ
U6G9EA
O6UEIJ
9DCTS6
TQL2XJ
6J1GC7
1PTL8P
D30MET
1RTY62
9V3PYJ
IVQCQF
M3BPGH
UB8Z93
KSA0KZ
HR9FK4
GFV654
FIC3YO
BXC5ED
DLLU5A
0RXFW1
TPHN9K
AB30SM
QW5QOG
92G32D
H9R5ET
Y3NPKA
TV7ZJD
17XI12
TJOQL0
M4JRAD
0WQ456
4K1WWL
W962OR
6YEMS7
AHBI71
MBEFPX
49KEEG
09SYAD
MBA3G1
UXJNF3
DM3NAU
AD16DN
OH7EH2
QSLHWU
H8AW3E
5BWLHZ
U6PUPR
7YL6PC
PU14F1
CC7PCK
Z44WBC
GVZ75T
WL5QMO
LYIUL9
EXKA0S
0SAV1E
D8V6OI
5Z0WT4
15OYNM
PIEK9M
V31M3H
20S3LP
YP57PI
2GC7YO
L3DDHC
GJA732
VQGN83
BLC0AB
ANUBU0
LT43X7
WG3MIE
8DIQ1H
8IFANT
I1A9KN
E4AEOK
ST5FL8
IM9QCP
K37RQC
NZVDDR
UZT4UI
5HSVZA
P9AFWO
TGHEU1
7XFHLX
I3YNQD
YDSA7B
R3NH2K
5YNHMI
NG3F32
C6X8WX
WJC86G
VQWLBO
CZK9J4
TKCDLW
VZZ5X0
4UTDDB
XHY015
W563OR
6BPW2O
3BVQ5K
8I8QZD
PEWWN4
6JNHVP
95HSEC
KBUB4R
GLTV85
MOY444
86U7KZ
T4QMX8
L22NHO
EA7JK1
LL69UU
36GCVQ
C338V4
KBCFC4
MXJL5L
X02ZTY
D4QODF
3DZMDA
KQRR1I
VAUKLY
D1PA67
2Y6LU0
16POZQ
X4KEW6
JUE9XP
XKODWK
G2X9J4
GL1TP3
1FM03Z
0139FS
QWZALP
T0CVMT
QU8NPA
8JWL2R
NBJO6X
68T7VW
VCRZYZ
N6ABEV
ZTMEE9
IKOYGG
BJBLCD
WAX07E
YAU95H
LTLPN2
WQP5SZ
Y0LPNC
A0EAZU
OM4DSK
VZ1HSX
4PM9PY
6NJM2L
PEYQ9Z
KTORVI
C1GCCP
94PQ2T
O8HPCU
ZZZ0GT
PD5IIL
AUS4QO
6B7AUF
NB12D6
PP167U
ZGF2TZ
10FVW7
B0A1WL
9WO7LI
1FDE11
K6KTO9
C1O37V
J8HRXY
ZBPAOV
TX471Q
Y88BKL
B62DMQ
060QD5
XSTOE4
VXDBV7
4YLW9F
076RR7
UUHYY8
9CD6NT
1OPSYF
BHG1C2
UUNSCA
PRWVE9
WZ554S
W60HWI
D5YM4U
FVKKZK
BN9TJU
SFEXGH
0NH2US
Q9DQK3
64BEDG
KXS4XL
S0BWPT
JFYWNC
UHWFXI
D16FDQ
50RMLG
