ids
S6JUIH
MIXR0N
KAVA2X
NF43PR
FWOZZ1
GKLMVM
LYIUL9
53AHEJ
FIC3YO
53T14O
JUELN8
W1PR17
GYWXMB
DD0S7M
7LISLD
EXKA0S
2SUU9Z
XRJ0H5
D70K91
VQOHN8
1H0RUO
F4VPIA
47BUD0
FXOBWD
PF2PVP
TB92G3
RT1MH6
AL05L4
MAPI47
BVZY8O
FNGZRE
5FLAAX
4K1WWL
LBL5OF
PADZ9T
BLC0AB
ROD0GH
RH19CW
12LRY4
JVOX3F
V9DW1U
V523JX
O6DJTN
NCLHA4
R3NH2K
GL1TP3
AYQ9SS
XKODWK
U6BBKL
3ZCP47
4SAQ1J
XYN360
A76MNW
IVAP1S
I0ANMA
I8ZPED
2I1YL0
G2X9J4
VAQUUW
Z97W6J
I0PWP4
YCYRIP
OKXLHO
ZZZ0GT
D2S095
MGYISU
P6Q1DM
7LU5RY
W563OR
G3KBTC
9JRUMW
ANUBU0
QRR3UD
C47NOC
C4ZXA5
0YRCG4
ISH5CD
V450BO
KUKFI7
JR9M37
C1O37V
2N7AAS
IBWGZR
H9X3CD
HLKGA8
L3DDHC
8WZ6O0
RCVJ0T
6ETE8H
JNAXDJ
MNW2UP
X7HXNW
M4YMWB
V9VV92
2HR2D6
62TC0B
P8B8DQ
EA7JK1
4E3WHI
JEEPNH
8M008Q
041TBE
V8AX7D
CV18CV
E645PU
DFV4BB
9158EG
WY6RW7
KBELH8
DTB52I
TVDP1V
72MI1G
LC19QE
D86RVG
ZQP63V
RFOB1Z
JE6TPO
N36HNB
UZT4UI
S125EQ
70OSSL
FGWP0G
GPYLA9
R6Y8LP
3TIC7R
FVKKZK
ERHR9W
4WDZ33
0N8BAD
8YEXPT
OY08GZ
JUB7FE
TY86C7
O28GGT
5ADUX1
1U4IIK
BWRWC9
ON3JN9
X02ZTY
80U8KY
PQAGZV
YUP9II
TCMDOV
Z1DLJQ
FUHXQG
QWZALP
5KKUR9
IR5PYM
VYFZK3
ZTEAKC
9GDD81
N9EBBW
XGGACZ
4VDKSS
2RKT5S
GK5YRO
JODF2Q
CTDP09
SRZ3M2
G3AVG8
WH0SON
RSVM45
1FDE11
K0H5DN
BFRKF9
64BEDG
P744X1
WGQLMQ
H9R5ET
IFBMYT
B3NVV7
NZONFW
BI1LF1
79DZC0
K3O76W
6YEMS7
SZMC4E
JV9CKB
SOR5YF
UP5NLN
HVMXGZ
1W2PF7
VH42ZZ
QJLYCF
ACCZA8
BHG1C2
PEWWN4
JGQ590
OM4DSK
3FXNZN
GLAXRC
QA2ILS
PE06N8
JCCUG2
3260HM
P9AFWO
VQWLBO
IHO22M
VKVU2T
XYSPRG
8KXOTH
7WSTN9
D5YM4U
SIYCM3
FS9LW8
BFU9IQ
EPOZCL
GNI36Z
YS1VGV
V4RJXI
NQGQCG
Q1JTH0
KXS4XL
18DRG6
E8ZL10
RW0OBO
J36NU6
VMRH2A
W4TWYR
564025
DRL0Q0
SGEEQL
20QL99
ON5X9M
MPO0RH
2IM33L
XMPG42
J7CY61
OIG46P
T8NV0Q
7T3RLP
5BWLHZ
QSLI7R
RE4R44
V2QCMM
RS2LS4
JM3CN4
MDR9BC
GQXBVP
DP41R5
GJZDV3
I5JXN2
U6PUPR
42T6IC
XRPI7G
UY1BJR
8UX0VW
5Z0WT4
1U3B6P
DE64UM
SKUKQM
076RR7
Q9UMCP
2HX0YG
MDITAA
79NM8W
4UPXNU
75VMH6
WDQE5D
5YCYNE
EQUPR3
XI99CY
FS3Q7Z
RL9VZ9
CE1YVD
0ZG8I4
IQ2ZXA
GJA732
SW77KE
9HB3UE
UXJNF3
Y67VYA
18GE64
UZSX6M
XHEXMH
29SP4J
C8B97R
J85PT8
TYVAS5
UVMZW6
VQGN83
UXTZFI
WEN1XS
8X86PU
DD695Q
H8JAWI
5C8YU7
095TGF
A3OMCL
R73GI2
0MMPBY
WAX07E
5E3CK4
OF2VT0
MLAQOE
3U0OM4
JQ4EM9
Q56L5Y
AD16DN
7IO1HN
IHW3M2
U96OA5
MXJL5L
U2QO1M
FONBA3
Y73L92
FOCDWK
SEXNZ1
71DB6K
JHLPNI
1DVA15
C7QMT0
Y2QSGT
O5T4QM
E5CC21
ONMHZ9
03PX3F
0WTJZ8
5HMR69
A39C6E
3TW6A4
XCBKCU
V496TK
XNX4EY
CF5CCT
15315A
OH7EH2
P6T3SI
68T7VW
R32WTS
KVOZ3Z
MW0997
EYY4NU
XZ09WS
PRWVE9
139POA
9POY01
EXQWL2
8LLOQD
4ERJJ6
4WGNXP
MAB2WB
IUSGMR
HOELKU
D53MT3
LD90VH
YWG2EP
GC5YWJ
4YLW9F
DL2TVM
6JL6T4
P3SIHR
9UJ390
KCFG2F
YDSA7B
ZESFPG
324OWU
3B69PM
GVZ75T
DLLU5A
IWDT1O
VO6ZUP
XSW7ZG
7PDYTH
B9CQAD
NPNSMB
QMID7A
ZOPAB1
TDY8GB
8YUCG1
JO775E
LEJMCZ
9IQHUM
XO4VOF
Y7ZAOQ
ZNOAXG
OSCCEB
HMRMTM
BXC5ED
NI9HZM
LBZ8RU
LBUYMZ
86U7KZ
044LNX
1FM03Z
M2KL4C
VGXPMH
6HWN0L
KUOEHI
R5B5GR
0ZWSZ8
A3V1AB
GN2C38
6GBKL1
VCRZYZ
DKVPET
J5HOLR
IKQ5K4
Q2YYWV
5IAON7
9VL3T1
PO1WPB
NS21FF
2Z41C0
FQNB8S
IYYFJQ
S7YXP1
P6KMYH
5MEDFG
KSA0KZ
Z1ZUKT
XZIW0R
7QBXHQ
C6X24T
8XZHVY
RWNLL4
9SLAQB
0BTWTU
BERWJQ
9DCTS6
EKH1SZ
9L3R3Z
AJDRVO
UFQ889
CGNPSR
52LN24
UKTX4G
4QRT8U
K2GA2V
YRP9CS
YL3OEP
ADCTLD
JDP5T6
XJFFJ5
GNX0G3
95HSEC
8I9D3F
M61FBH
YGGLTY
ETGDV4
J5WAE9
RXGU9A
V5Q7TK
7FJAEN
3BVQ5K
ALENQG
076E39
V0PJCH
Y70TO1
922BM8
NBJO6X
6N2N46
H7MAH4
2WGCQ4
GW4PYF
557PGA
BRDCAH
XFSM07
F4L77Y
U57EH5
OJI51T
YB8OE0
2PE13K
AJSXK4
LPM95G
HWLZKP
P5SI4F
Y0LPNC
56P4BB
DZOE3P
FMLQU4
BX3ID6
FX2FHX
J8HRXY
POLN6G
U64T09
RVL51L
Z5IQ4H
AD6BM2
OTTBPN
92X34E
7QIPLL
XE2OE0
3DZMDA
KBUB4R
WZ554S
8Y0C7C
JFYWNC
A9T8L1
F2UYER
YAU95H
ZPJ42S
C4VN2C
RID2U5
5BD3LR
DM3NAU
KY09Q0
8JWL2R
74V8HT
W5JY3X
UXKV0C
T0CVMT
KCN0O2
S0BWPT
D57J5V
JQVZPQ
30A856
MCSP88
1LZFIK
GFZMB0
EDRQ3M
WJOMU6
C8VH2B
T6L2KV
20S3LP
PIEK9M
5HTX6B
WI3MG7
OYU03J
FBP4YE
CC7PCK
K9SJDH
9K0SOI
RL4CU9
N2QWMH
N8KFU5
Y2341P
X44PQ5
9TQ5LO
T5JOFW
25R4NC
4Q2UCP
27X6PE
M1P60Y
4UTDDB
DPDDIH
ZHWFHK
7W3C87
SR8AMU
URUECE
PUZHUT
XRR9AO
C6X8WX
X011KV
QL33GN
SI530O
N9NIRT
LXNA8E
WJC86G
D2SMW1
ABL1XK
JUE9XP
0WGXZ9
9NDZE0
B1IVX4
PVLRKN
2CU7ZY
O38KBY
SRCHJD
FS7SX2
1WI931
K3U619
QDI5NN
8DSIE3
8YMIHS
GBUSE0
SFEXGH
RQRG8N
DQE0YJ
CUKEIZ
O1CIFK
5B9ZWW
837JQB
O7WBI8
RRW5P0
862X02
XAOIF7
BRL878
4M73SR
KBPP70
4TNA69
CZBR14
WWAHKO
TCTTIA
WG3MIE
X1F9P2
WQP5SZ
J6LXGV
AQPHLG
WFYTEI
GFW2ZB
2YFUSB
MI04P7
XYDRBQ
ATVFN8
F8AXZB
1APHBF
4PM9PY
TGHEU1
IKOYGG
8BSFWL
ENAEBK
81PSS5
7XFHLX
FZL55K
MH1LKA
Q51CZT
6HR9PB
1KHY22
F3BIKI
A2OHO4
8OJLTE
FIJHAT
VSSBXV
6J4TDI
AA3GLI
E1MAAG
5N8NVC
KCU00Z
8QGRSO
FABQ6B
AEN29Z
L22NHO
80KPO7
F8O0K0
ZFQJC2
9PSYMF
RNUTKT
4GC7KI
4C2WM1
2Y6LU0
I2AZ06
H69EMW
ZCOWT3
TSCBBV
96WVGA
G472R9
V4IC3F
9NM2L9
6H23C1
F52JRQ
GIDQ3P
QW5QOG
IMCTMO
ZWBG7Z
77KZ24
9CD6NT
FOBM63
BZGLIO
K927KP
N48AJL
3X1HPN
YO5UIV
FW0F2M
VAUKLY
GLTV85
BJBLCD
NB12D6
3ZQXA0
NSWIXS
L6SISK
68WFIM
25VIKL
GFV654
BN9TJU
U49GKC
UPJH6E
U44279
7WNY4G
XSTOE4
KX1MEO
2XAPQR
0H0UEO
CLSZJC
DEGFBM
V6F4HW
04DT43
V0W6H3
8ROCZF
9V3PYJ
QST4AD
K7F2ZV
4LX0H3
YBG3FA
9RZQQA
EECTI3
IS0BBB
9WZFD1
102L0Q
GP26P6
IM9QCP
6A83R9
MX30JB
1DUR00
LVAJZM
UM90XT
8JXALH
GZPA2P
4D6UBX
ZGF2TZ
CX8B8Z
OM2AZD
A2WYN5
7HQZXK
FQPX72
BMYQJ8
7DCAIU
9WO88G
J9BL4S
WLI5X9
EX7WKU
CS9NKS
KVZQK0
IJHFLE
15OYNM
3BHL4P
CVGXKN
P5OHRJ
8MBD9S
YG02FL
ZK7HUS
2GC7YO
PRX1CQ
91TZ3O
5CQ8YY
7U2BHB
ZEGPBW
84QHWJ
77P2UY
TX2024
PFXON9
PD5IIL
1XDD8H
UBT2B9
BZJUA9
CY1GZT
UN8POU
SB9IHO
KBTRDU
KPLHVT
IP8H1X
U3T01H
B0A1WL
MGE8J5
TJOQL0
XPLZM0
CUS8AY
FL3DVS
SG1QXY
YK4KTZ
EXKYV3
QCRR2U
KNDGX7
7HM2Z5
ODLPXI
ZH4JWZ
8VMO9L
8BFDLM
MFLM2O
TGK0WT
SZGB6B
LV9V1E
2UVBUF
PT071D
LMPJN0
5YNHMI
XSVZ0D
09818D
D0KAO8
87IQL6
92G32D
13U76N
BNC0GU
REAZ89
K6KTO9
SPCHYI
PW2VO3
TEFESP
WUI1K8
D1PA67
K21HIL
8QIMJ5
1CRUML
LL69UU
8DIQ1H
1PTL8P
H4L317
2DRVCT
R9REY0
4PYLXP
6RCIRZ
6UQ1ZK
WVJA1U
6Z6DXI
DR8QBE
N8AFGT
LXU75A
1V8EBB
PCEGAJ
65TXXV
PMFI0E
X06Q8D
RSOZBL
D3PDQG
6EMA2B
ICU1EW
OIWOM7
RSJ154
TPHN9K
C6A7QX
UL2SLU
VZZ5X0
WLDBC7
Z4YJNP
DU2WPI
32TQTC
KQRR1I
K3Y8SF
ZCV2NM
E5IY2T
AFJV8Z
IQ0IUX
ZTMEE9
ZYAM5P
H3T1XO
4X9YKF
2ZMJ6C
R62YIH
R1P1FA
HT4X71
2NGRX8
VZ1HSX
HM3UR6
QQCUFC
SBP251
2HUY2I
KF4NTZ
KSLLON
NJ9442
K3G01K
59HPT0
S25BL7
IL1Y5J
XD3RJR
9VC7UD
KRX6Y7
60XLRI
UM3PXK
U94AEF
P0VQY5
1CVKUB
C938XL
Q6L8XX
CUBAED
Y3NPKA
FO58J1
4A1T2F
781QLG
G5FVYO
YH5T8X
OVP1B8
KSLTLQ
AUZSRK
XPN8XD
HR9FK4
0EXTDF
84F947
LC7N5Q
4ZPI0W
358FH8
1OPSYF
BO4WGB
GQU4SE
6AMLZ8
LVO24N
K37RQC
57A8EZ
D61T8N
TV7ZJD
KTORVI
TX471Q
6QTA3U
1O4PQQ
O6UEIJ
XUO6MV
IJ7Y34
E49GSM
U3QWTG
WLPIH0
0139FS
1QZ2W9
H8AW3E
WA6WVA
D3W5XD
6O5XSO
CC84OF
ZUEQ42
53LSPJ
WROXGU
4GXFV7
9ZUHRI
M25Q22
CBDXF8
O8HPCU
2JPT0K
AMVPX0
Q17KVU
V0OVZI
UPJI8A
ZNUJF6
6NIB2O
FFQT8C
BKW9NF
POWC1S
MNINPL
YZNYKU
5ELD9X
T5U6O9
TSKTRS
118RK2
Y6ONRQ
KAS7YA
DZNW4O
GK4E07
L9XE0P
R82ATM
C50M45
I0E2GW
1K2KZZ
8I8QZD
AFAJX4
YQUDX3
OAKKH9
33PHCF
QZEKC7
Z164JF
Z44WBC
2J0KMN
1NZVNI
CRV6NM
OT4EOH
52QJ8T
WU3ZRK
2ZFY63
66KGAG
Q9DQK3
9GKWO4
8X66JZ
6HY4WV
P1MXGZ
TYU8HO
3O5BN8
AYKH8N
W1MGA1
M3BPGH
VELH3W
GN0JLK
BDO7UO
IXE6FD
PEYQ9Z
0WQ456
MWA129
PDBYGZ
64HU13
ORR36N
DI9VHW
AQ1QM0
7YL6PC
SMD87Z
GOT1Q8
L9W4DY
M4JRAD
19H2RP
SHQ230
Y2W1PH
HDXW1X
CIFCOK
NDJYF1
Z8CP0R
WS1TS2
5AOUDD
9243LW
4RHYNC
RJ68SQ
NG3F32
XG3ZQJ
40XBN0
KHNNOK
1IW0BC
3AIJA3
IJ9RIQ
J0P3XG
U5WGQX
48VWJW
TG2AQ4
ZABSDC
LMGOVW
NRV5XH
LEAMKB
EU9KM9
SA2LRK
PHFY8S
TKCDLW
LIOYDE
VL6WIU
PU14F1
N3Y2KI
ECASJF
JBSLYH
RBO7EP
X192U6
4KZGQ0
UB8Z93
MLBZRG
D30MET
ZGUTHR
FCT7AL
AM9U0S
8IZ91I
GR7J04
RYX2EQ
6YU9NK
VF6S0N
TY9RQP
441AMF
3YQJKU
N6ABEV
O8V5M0
D9H6PO
6VI2SP
3C3XSZ
Y8VHIH
49KEEG
0F8CWZ
X42K17
I1A9KN
Q9HDRK
KYWZ7N
ST5FL8
G9MEIU
Q9Q06N
5HQ6Q1
97090T
TQL2XJ
XIUR3F
0G42R2
B62DMQ
52CYZO
F3TYOB
0XP18U
3G9IIA
ZBPAOV
33C7QB
C1GCCP
G8PHEQ
5J27IG
MVBJCZ
WQ7RJM
9DHV36
0IOB07
YDMRLA
Q9CLCO
9VZQ6F
0NH2US
S0BPRS
6CHYB2
RVTUOX
QQH33L
LGZY7B
92ACPX
V31M3H
384PA2
R1TGJV
R8W40L
VP0FVG
12XHSD
JZYOEQ
2Q88S4
AUS4QO
R1YH7D
S94SF3
C6VEGY
HC0YJT
MBA3G1
0BNT80
TMCG0E
240WDP
WR3RI0
XHY015
YJWJLV
GHAK2H
0069AH
1UO67G
NNY3QI
AK2C82
FOQW0F
SCAC39
JYUHNW
56NZY5
5ETL5S
8UH6BK
K69O9W
HZAOA9
3UEIT2
5P2SZX
MHZPD7
0PGPQI
9L5AED
AP1P22
RTUZUK
JIC6MG
YWYPKG
RVXGH3
B5E83E
HUIYGC
VXDBV7
LT43X7
F5UJO8
7260I3
DIM0LG
8A5TCS
IHTNW5
XAR3NP
V47PXX
GY5LZF
05Q82K
9I4Q4T
7QQLOZ
CZK9J4
FW19EW
3NORRT
C46LR1
F8IJWM
PP167U
B0Q8HD
JAPN5M
UHWFXI
33MG0O
6R8SMV
HA85FC
7M61H8
NFEH33
4GUYLW
0SAV1E
23US2I
PZ3Q4L
Y9ZFF4
EJER1R
6NJM2L
6BPW2O
E1JA1M
1VS9QF
1RTY62
TZ4VKU
45L4SM
O7OR68
230X46
1X44WK
W60HWI
E4AEOK
E9W7KQ
7R0E9J
X125VU
K7B4YU
2S0E5L
5ROYVP
H64R06
MQE7WO
QSLHWU
BVIJLZ
HYZPDJ
ZKE8K8
FFJ254
UUSK1R
SAFUNF
R33C81
VCXA2G
GCV6BV
Q8C69R
LTLPN2
3VR4J8
MGV14C
3F8KRI
TH74S1
VJMEMH
3S2QUU
17XI12
3YMALU
NZVDDR
C7VZ1P
ZAM4CF
KJ5EAO
YFPDWQ
IIYN8U
UUHYY8
9XFBEC
U662KB
HV470A
9V5YRV
0LH3B5
VP0VFU
R6K3NN
BLESPI
2XUWNM
FXTWCC
J1HADE
YHYNSO
16POZQ
W0VY5N
0RXFW1
QUWV83
FLO8WI
TCY2WB
UFCGFE
JHKBUS
01FUWE
Q0UB2C
69EIMX
BD55NO
JKL0FM
0QE4HE
Z6HQ86
78G3HG
A9L9CD
YR5Z4H
PBE0AM
S7Y4LV
6J8D8Q
7JL9A8
50LRI4
GGLWDN
LG3953
CK9HO2
WSZWZR
HH4SN3
DT6VJ9
SVFSTR
CIQASJ
36GCVQ
351KDW
CQ0NED
S52U06
B9LAHH
53RBO2
SZ6B14
C63MPA
ZD6MZS
4G9YUJ
NZJKTF
KBCFC4
W35A8M
WJO6G8
44BOBV
YP57PI
YLJMI6
VC79VM
4FIFGG
8IFANT
09SYAD
CQHJYG
JG0ZNV
E6DUQI
GFQQWC
Z97X98
1II4O1
3VW5DX
WK3X1N
KRTE3P
D8V6OI
UFQMN8
UUNSCA
PI0507
KZB7TJ
2LC96S
885T41
UCNTO8
BAC2AF
6RRVHD
EKWY4S
SS2YJC
X2T4P3
6V7URD
AHBI71
RDID72
AEWB71
IV14ZY
VZ4LZ6
07DBZD
9N9QK0
5HSVZA
CR8EEM
3LPWSP
0G40QY
6YILX5
94PQ2T
98W84E
E3JLKC
WDKOM8
BH5JHL
MOY444
QL2WLD
EWJZUQ
AXXYP7
DIC3QA
5ZT0CB
5GSHTS
0GM09D
6XRI79
D4QODF
3RN4NY
AC6WUN
MBK3PM
UI7IAB
OL56PY
0WTQ18
JBX7S9
MOBVBC
G1BBNB
7Z7GKO
Y2WFWH
MLE1R8
9WO7LI
WTHUBT
A2T0EB
LYLO05
82XDE7
U06C68
0NJHZQ
33D7WG
YHYU85
C338V4
UN55Y5
QOBUDT
Y306WQ
5GA790
AEB0B5
14ROMS
4RCM4K
WF9J91
I3YNQD
I41NZ6
PNWQNL
FIRT80
CLSGLL
73J79E
WT9FHC
UHW0R0
8X9K47
I5V6FG
EAAWYL
MVGF37
5KHGBC
0FOSYI
Y88BKL
Z8Z2GE
TDFXX1
AB30SM
KRCW8S
C1PM74
0BY2WC
4Q2CW1
KW6DCR
1TP36D
X4KEW6
3878J3
1WIEX7
V1Y3TI
Q2DKB6
D35K68
20G2RE
CCO57P
2MK53R
060QD5
1Q8GKB
Q6B4XS
2SXGGE
VU6JZQ
X84YOA
W962OR
CQR8D5
OHM5TX
Q6WMCP
QU8NPA
83UOI4
ZXFM38
HRJ17G
NIJVMQ
QMHR2R
LIXQP9
7T1EW9
A03EVP
TDPL7X
4FDUMZ
KP3296
MTO35S
RFNMSP
0ADZ9W
G09OD4
O4QSFT
W5KMKH
YR9ZMN
H6GPEZ
6J1GC7
A2N0PS
MBEFPX
U6G9EA
JYPWGM
X8BGBT
WUW1GT
IA86WQ
RRYC5G
VVWVL2
50RMLG
5XBA67
CSDYMY
VJBA07
O5K7HH
IVQCQF
JFIPHC
YLVP2C
1J1IS9
10FVW7
L3JFGX
FWMII2
9FVNAB
96BBH5
0JNPQD
X27HPL
EN4YQF
GS6CUU
91Q9SR
6B7AUF
BADOD1
R1OH6S
940ZMY
A0EAZU
D7HUQY
GL2HQM
BYHVG9
ESIFIY
XSWHMR
D16FDQ
7V8SM7
5T4WJF
80EZ16
T80KD0
WL5QMO
W2R5X5
JELOYM
1DYOFK
H2SYCW
W7U1PX
UAAXGA
T0WOJK
OV9JPS
E2R5DE
EZFVK2
3GEHAJ
LYY1UT
7GQ12I
KHJM73
G8OILS
SWED10
XR3TA6
WVKC41
16YELX
Z7C1RY
58P6HY
1DP728
Y78KD5
RK4B9J
W98HB9
6JNHVP
ZQ7HJX
JO668C
O294S1
D4GTQL
