ids
YRP9CS
K0H5DN
TCMDOV
NZONFW
MLE1R8
4GC7KI
AUS4QO
LT43X7
WR3RI0
C6A7QX
ZABSDC
9V5YRV
K21HIL
OSCCEB
RK4B9J
SKUKQM
AUZSRK
0NJHZQ
JUE9XP
NDJYF1
30A856
TX2024
RW0OBO
PMFI0E
BDO7UO
4X9YKF
4WDZ33
0NH2US
SI530O
9XFBEC
20G2RE
A2N0PS
EQUPR3
BKW9NF
G9MEIU
QQCUFC
WFYTEI
MGYISU
TPHN9K
7DCAIU
KBPP70
E6DUQI
ZGUTHR
KSLTLQ
CCO57P
N48AJL
BFRKF9
1U4IIK
J36NU6
LBZ8RU
7XFHLX
TGK0WT
7QBXHQ
102L0Q
YHYNSO
YJWJLV
5KHGBC
U2QO1M
UN55Y5
ZFQJC2
PBE0AM
MLBZRG
TY9RQP
5MEDFG
V6F4HW
H9X3CD
O1CIFK
LC7N5Q
DPDDIH
I41NZ6
A9L9CD
XG3ZQJ
5B9ZWW
XD3RJR
REAZ89
5BD3LR
SWED10
A76MNW
FOCDWK
LIXQP9
3GEHAJ
IHTNW5
19H2RP
AYQ9SS
W7U1PX
WA6WVA
O8HPCU
RNUTKT
AC6WUN
U49GKC
2IM33L
HZAOA9
AD6BM2
IQ0IUX
ALENQG
ISH5CD
9DHV36
Y6ONRQ
N8AFGT
QL33GN
W60HWI
RFOB1Z
D3W5XD
5HTX6B
79NM8W
QW5QOG
X011KV
A9T8L1
TMCG0E
NQGQCG
NF43PR
1K2KZZ
QST4AD
VQWLBO
AXXYP7
CE1YVD
RCVJ0T
IHO22M
XNX4EY
P6Q1DM
SR8AMU
ONMHZ9
V4RJXI
FWMII2
QSLI7R
4ERJJ6
LXU75A
BMYQJ8
GBUSE0
7PDYTH
KSLLON
DI9VHW
3VW5DX
4M73SR
TG2AQ4
BZGLIO
GJA732
P1MXGZ
K9SJDH
BFU9IQ
240WDP
C4VN2C
Q2DKB6
TB92G3
Y88BKL
OH7EH2
3NORRT
0LH3B5
D86RVG
1FM03Z
O7WBI8
1FDE11
SS2YJC
3ZCP47
9DCTS6
PY8O8H
W0VY5N
C4ZXA5
BHG1C2
6ETE8H
2Z41C0
LXNA8E
U57EH5
2MK53R
BNC0GU
9V3PYJ
NZVDDR
BERWJQ
12LRY4
KXS4XL
G3AVG8
XI99CY
NS21FF
X4KEW6
T0CVMT
Q6WMCP
7V8SM7
7JL9A8
V496TK
IJHFLE
SZMC4E
YR5Z4H
09SYAD
F8O0K0
56P4BB
I8ZPED
4E3WHI
ZYAM5P
Y8VHIH
FOBM63
H4L317
X7HXNW
U6G9EA
SRZ3M2
WUI1K8
VGXPMH
PF2PVP
S0BPRS
SVFSTR
8IZ91I
6JNHVP
HOELKU
O28GGT
6AMLZ8
TEFESP
P9AFWO
LYLO05
D4QODF
Y2WFWH
2YFUSB
VP0FVG
80KPO7
K7B4YU
VVWVL2
VQGN83
NI9HZM
Q56L5Y
KVOZ3Z
8XZHVY
MWA129
9PSYMF
VL6WIU
V8AX7D
FBP4YE
H64R06
JFIPHC
AJDRVO
CY1GZT
5J27IG
PCEGAJ
OJI51T
Q51CZT
6O5XSO
52QJ8T
62TC0B
4G9YUJ
XSWHMR
X44PQ5
AM9U0S
8YEXPT
1V8EBB
25R4NC
74V8HT
RVTUOX
5ELD9X
3F8KRI
0BY2WC
WQP5SZ
T5U6O9
V9DW1U
8ROCZF
LEAMKB
N6ABEV
IYYFJQ
3RN4NY
98W84E
8VMO9L
0MMPBY
XIUR3F
T6L2KV
VMRH2A
1RTY62
Z1ZUKT
VJBA07
K37RQC
BD55NO
DLLU5A
3AIJA3
5ETL5S
U5WGQX
9UJ390
M1P60Y
YAU95H
PIEK9M
IJ7Y34
92X34E
96WVGA
2ZFY63
KBTRDU
3BVQ5K
QA2ILS
09818D
EECTI3
922BM8
Z5IQ4H
NSWIXS
P5OHRJ
QSLHWU
4Q2UCP
GQU4SE
JYUHNW
SBP251
7260I3
OT4EOH
X192U6
IKOYGG
Y7ZAOQ
UI7IAB
HYZPDJ
WEN1XS
XRPI7G
YF3S3W
1DVA15
GVZ75T
F3BIKI
WROXGU
GQXBVP
U3QWTG
L3DDHC
3TW6A4
CS9NKS
4Q2CW1
ETGDV4
E9W7KQ
IR5PYM
ODLPXI
1Q8GKB
GCV6BV
YWYPKG
B1IVX4
TSKTRS
Q6L8XX
WLPIH0
RRYC5G
G1BBNB
5E3CK4
JGQ590
UFQMN8
HH4SN3
Z4YJNP
P0VQY5
CV18CV
O5T4QM
TH74S1
6V7URD
PDBYGZ
1PTL8P
IJ9RIQ
118RK2
QMHR2R
DTB52I
IMCTMO
B9LAHH
GNX0G3
L22NHO
WK3X1N
CRV6NM
KAS7YA
1QZ2W9
77KZ24
TSCBBV
ZESFPG
2DRVCT
8I9D3F
8BFDLM
F52JRQ
DD695Q
L9XE0P
1OPSYF
X02ZTY
MBK3PM
CZBR14
Q2YYWV
RSJ154
I2AZ06
J7CY61
WJOMU6
WLI5X9
DRL0Q0
01FUWE
NJ9442
RVXGH3
5FLAAX
UUNSCA
PEWWN4
53RBO2
SIYCM3
2HX0YG
XR3TA6
R9REY0
ABL1XK
LPM95G
R6K3NN
URUECE
RXGU9A
TDFXX1
K6KTO9
PVLRKN
S52U06
68T7VW
8BSFWL
73J79E
0YRCG4
7T1EW9
CK9HO2
G3KBTC
MAPI47
SMD87Z
WDQE5D
Q8C69R
S7Y4LV
JCCUG2
RSVM45
MNINPL
CZK9J4
SFEXGH
UZSX6M
R8W40L
S7YXP1
1J1IS9
RT1MH6
XAOIF7
IS0BBB
5BWLHZ
9WO88G
UCNTO8
ENWVHE
ZNUJF6
FZL55K
MW0997
O8V5M0
YL3OEP
UUHYY8
076RR7
DT6VJ9
GIDQ3P
FFJ254
WDKOM8
EAAWYL
5IAON7
O6DJTN
JODF2Q
7IO1HN
XYDRBQ
DZOE3P
LGZY7B
LEJMCZ
CC84OF
Z1DLJQ
NFEH33
92G32D
YDSA7B
KRTE3P
JHLPNI
0ADZ9W
2GC7YO
PUZHUT
53AHEJ
FO58J1
5Z0WT4
3G9IIA
EXKYV3
MAB2WB
8YMIHS
VH42ZZ
RTUZUK
86U7KZ
MFLM2O
ZNOAXG
ZBPAOV
C1PM74
3260HM
PRX1CQ
076E39
R32WTS
X06Q8D
ZZZ0GT
3FXNZN
6RRVHD
358FH8
6J8D8Q
CUBAED
TGHEU1
KRCW8S
Z44WBC
W1MGA1
50RMLG
E645PU
YLJMI6
9WO7LI
0G42R2
6R8SMV
07DBZD
2XAPQR
8I8QZD
4FIFGG
WS1TS2
1DYOFK
UL2SLU
6CHYB2
IHW3M2
XKODWK
LMPJN0
LV9V1E
MDITAA
P744X1
DL2TVM
70OSSL
ZQP63V
Y2QSGT
H9R5ET
OAKKH9
F5UJO8
52CYZO
TDY8GB
MGV14C
DEGFBM
D8V6OI
AQPHLG
ZPJ42S
83UOI4
B9CQAD
Z97X98
6BPW2O
UHW0R0
L3JFGX
FQNB8S
HM3UR6
05Q82K
D9H6PO
X84YOA
2XUWNM
77P2UY
OTTBPN
0F8CWZ
BVIJLZ
V523JX
BX3ID6
ANUBU0
LBL5OF
837JQB
BXC5ED
R1P1FA
YH5T8X
QMID7A
QU8NPA
IBWGZR
33C7QB
TDPL7X
1CRUML
U6BBKL
UFQ889
SG1QXY
YHYU85
JHKBUS
W4TWYR
D3PDQG
W1PR17
JQVZPQ
D30MET
OKXLHO
UB8Z93
6Z6DXI
OL56PY
QUWV83
XHY015
5HMR69
LYIUL9
XCBKCU
Z8CP0R
X8BGBT
CQR8D5
17XI12
KVZQK0
VXDBV7
VCRZYZ
1DP728
97090T
LBUYMZ
WUW1GT
7WNY4G
TX471Q
9VC7UD
I0E2GW
DP41R5
KBELH8
MX30JB
GK4E07
ZTEAKC
D0KAO8
V2QCMM
C47NOC
JQ4EM9
3S2QUU
JG0ZNV
YG02FL
NIJVMQ
YFPDWQ
QRR3UD
HVMXGZ
KJ5EAO
5AOUDD
SOR5YF
HLKGA8
PHFY8S
RFNMSP
0SAV1E
GYWXMB
2Q88S4
O4QSFT
MBEFPX
9K0SOI
J85PT8
A2OHO4
G8OILS
BJBLCD
T4QMX8
M3BPGH
KTORVI
CSDYMY
5XBA67
WLDBC7
84F947
0H0UEO
4C2WM1
862X02
SHQ230
YQUDX3
2LC96S
E5CC21
CR8EEM
N3Y2KI
CLSGLL
9N9QK0
ROD0GH
44BOBV
7YL6PC
S125EQ
9WZFD1
CQHJYG
MNW2UP
E2R5DE
HC0YJT
X2T4P3
33MG0O
TYVAS5
45L4SM
9GDD81
324OWU
A3V1AB
7QIPLL
QCRR2U
GZPA2P
CQ0NED
4PM9PY
79DZC0
S0BWPT
H69EMW
XRJ0H5
Q0UB2C
V47PXX
441AMF
50LRI4
29SP4J
UUSK1R
TKCDLW
I1A9KN
EYY4NU
8JXALH
16YELX
TCY2WB
U96OA5
MVGF37
3UEIT2
2S0E5L
RVL51L
D35K68
R5B5GR
UM90XT
C46LR1
72MI1G
Y70TO1
IQ2ZXA
FW19EW
D57J5V
OM4DSK
18DRG6
E4AEOK
N36HNB
WVKC41
1X44WK
8DSIE3
9JRUMW
AYKH8N
VZZ5X0
1O4PQQ
0PGPQI
SW77KE
2Y6LU0
PU14F1
0XP18U
KW6DCR
SCAC39
KNDGX7
IWDT1O
GL1TP3
Y2W1PH
3DZMDA
A0EAZU
JM3CN4
Q9DQK3
1WIEX7
FNGZRE
0FOSYI
R6Y8LP
64BEDG
C1GCCP
9158EG
6N2N46
P3SIHR
FS9LW8
LIOYDE
1XDD8H
59HPT0
3ZQXA0
GC5YWJ
5N8NVC
J0P3XG
CBDXF8
1WI931
LG3953
SRCHJD
4UPXNU
0BNT80
KUKFI7
EU9KM9
LL69UU
40XBN0
D7HUQY
2HR2D6
JFYWNC
V0OVZI
MDR9BC
B62DMQ
48VWJW
139POA
15OYNM
BYHVG9
71DB6K
KCN0O2
U06C68
0IOB07
1CVKUB
A2WYN5
UZT4UI
65TXXV
20S3LP
UM3PXK
MHZPD7
M2KL4C
5GSHTS
8X9K47
6EMA2B
ZAM4CF
PRWVE9
3878J3
EPOZCL
XAR3NP
25VIKL
C50M45
AB30SM
WH0SON
RYX2EQ
K3U619
CUS8AY
SZ6B14
CIQASJ
75VMH6
3X1HPN
W962OR
GNI36Z
4SAQ1J
WVJA1U
EN4YQF
KHJM73
JEEPNH
7U2BHB
UPJH6E
D16FDQ
041TBE
2SUU9Z
TQL2XJ
Z164JF
4UTDDB
IIYN8U
GN2C38
RH19CW
3TIC7R
QL2WLD
J1HADE
T5JOFW
1UO67G
ST5FL8
WTHUBT
3YMALU
Y73L92
LC19QE
ENAEBK
MCSP88
WI3MG7
B0A1WL
KAVA2X
JVOX3F
7HQZXK
KHNNOK
WSZWZR
4A1T2F
H2SYCW
N8KFU5
4LX0H3
WF9J91
CLSZJC
3U0OM4
YB8OE0
FVKKZK
JZYOEQ
92ACPX
MI04P7
C938XL
V0PJCH
NNY3QI
7W3C87
M4JRAD
04DT43
8QIMJ5
JAPN5M
ZWBG7Z
ACCZA8
A2T0EB
VAUKLY
6NIB2O
8QGRSO
XHEXMH
M25Q22
KBCFC4
6NJM2L
03PX3F
2JPT0K
0BTWTU
0WTQ18
VYFZK3
JV9CKB
QZEKC7
VKVU2T
FUHXQG
1W2PF7
PEYQ9Z
J5HOLR
BLESPI
3B69PM
VCXA2G
CVGXKN
AMVPX0
U64T09
KZB7TJ
351KDW
9POY01
R33C81
FIC3YO
VAQUUW
1II4O1
4QRT8U
8KXOTH
PNWQNL
5HSVZA
OIWOM7
WGQLMQ
7HM2Z5
2HUY2I
R73GI2
R82ATM
DKVPET
6GBKL1
WU3ZRK
C63MPA
FOQW0F
WZ554S
1DUR00
RJ68SQ
BRDCAH
A39C6E
3BHL4P
AQ1QM0
0069AH
U662KB
6RCIRZ
57A8EZ
4GXFV7
XSVZ0D
LVAJZM
KP3296
P8B8DQ
0G40QY
V9VV92
ZGF2TZ
YWG2EP
FIRT80
ZOPAB1
IUSGMR
QQH33L
XUO6MV
F3TYOB
V31M3H
VZ4LZ6
V1Y3TI
ATVFN8
9I4Q4T
C7QMT0
7M61H8
64HU13
8DIQ1H
KQRR1I
5ROYVP
AL05L4
XMPG42
52LN24
P5SI4F
K7F2ZV
0139FS
GK5YRO
KF4NTZ
OY08GZ
9243LW
I3YNQD
C8B97R
JBX7S9
R1YH7D
FCT7AL
Y9ZFF4
J9BL4S
C1O37V
V5Q7TK
BRL878
LYY1UT
FS7SX2
GPYLA9
95HSEC
Q17KVU
EJER1R
AFJV8Z
FX2FHX
82XDE7
6QTA3U
UAAXGA
S6JUIH
WY6RW7
9RZQQA
IA86WQ
2NGRX8
GY5LZF
RL4CU9
CUKEIZ
DFV4BB
FXOBWD
HWLZKP
S94SF3
ON3JN9
095TGF
BAC2AF
O38KBY
U94AEF
EXQWL2
SZGB6B
NPNSMB
BVZY8O
Q6B4XS
HDXW1X
KCU00Z
I0PWP4
KPLHVT
J8HRXY
1VS9QF
DIM0LG
H8AW3E
0QE4HE
QOBUDT
NCLHA4
60XLRI
DQE0YJ
58P6HY
18GE64
L6SISK
33PHCF
SIADUL
VZ1HSX
QWZALP
YLVP2C
XPN8XD
R3NH2K
781QLG
XGGACZ
KCFG2F
EA7JK1
WJO6G8
JDP5T6
GR7J04
7LISLD
GLAXRC
BO4WGB
O7OR68
Y2341P
R1OH6S
B3NVV7
JE6TPO
D4GTQL
SA2LRK
0JNPQD
GS6CUU
SPCHYI
940ZMY
Q1JTH0
66KGAG
3C3XSZ
O294S1
W2R5X5
X125VU
23US2I
ON5X9M
OVP1B8
N9EBBW
BN9TJU
NZJKTF
YR9ZMN
E49GSM
GP26P6
RWNLL4
KBUB4R
S25BL7
PZ3Q4L
9SLAQB
RS2LS4
6XRI79
J6LXGV
9TQ5LO
Q9Q06N
6HR9PB
YUP9II
FQPX72
7QQLOZ
T80KD0
885T41
2I1YL0
E1MAAG
H7MAH4
ZH4JWZ
IXE6FD
ESIFIY
GLTV85
NB12D6
K3Y8SF
1TP36D
JUB7FE
FMLQU4
CF5CCT
CGNPSR
80U8KY
6HY4WV
3VR4J8
DE64UM
Y0LPNC
FLO8WI
5GA790
G5FVYO
9VZQ6F
9L5AED
YS1VGV
ZK7HUS
JIC6MG
JR9M37
AP1P22
KYWZ7N
DR8QBE
33D7WG
AK2C82
K927KP
XZIW0R
B0Q8HD
JUELN8
F8AXZB
MGE8J5
F8IJWM
R1TGJV
84QHWJ
D53MT3
VQOHN8
977RFO
8A5TCS
XZ09WS
JELOYM
78G3HG
6A83R9
UXTZFI
CIFCOK
UY1BJR
KY09Q0
VF6S0N
7Z7GKO
6HWN0L
AJSXK4
K3O76W
AFAJX4
FW0F2M
4VDKSS
XPLZM0
0EXTDF
XE2OE0
RBO7EP
53T14O
EKWY4S
WJC86G
5C8YU7
D70K91
YO5UIV
GFQQWC
F2UYER
CC7PCK
C7VZ1P
AEWB71
81PSS5
V4IC3F
A03EVP
G09OD4
PQAGZV
3LPWSP
TY86C7
2WGCQ4
GW4PYF
GN0JLK
36GCVQ
Z6HQ86
8LLOQD
UVMZW6
060QD5
C6VEGY
Q9HDRK
FS3Q7Z
OV9JPS
GGLWDN
8UX0VW
IL1Y5J
2PE13K
XYSPRG
YCYRIP
EX7WKU
4RCM4K
Y78KD5
MQE7WO
2CU7ZY
8X66JZ
G8PHEQ
FWOZZ1
C6X8WX
JBSLYH
MIXR0N
9CD6NT
5ZT0CB
4K1WWL
5HQ6Q1
Y3NPKA
8MBD9S
EXKA0S
QDI5NN
G472R9
FIJHAT
YGGLTY
ZD6MZS
FFQT8C
PO1WPB
R62YIH
Z7C1RY
YK4KTZ
SEXNZ1
RID2U5
GHAK2H
AEB0B5
9IQHUM
E1JA1M
E3JLKC
O5K7HH
C8VH2B
YDMRLA
1NZVNI
PP167U
VSSBXV
15315A
ZCV2NM
JO775E
0ZWSZ8
KUOEHI
RDID72
LD90VH
H6GPEZ
5KKUR9
IFBMYT
6VI2SP
KSA0KZ
ZKE8K8
QJLYCF
T0WOJK
16POZQ
6YEMS7
OM2AZD
XYN360
OF2VT0
4RHYNC
HR9FK4
7FJAEN
4KZGQ0
GFW2ZB
53LSPJ
7R0E9J
UP5NLN
W5KMKH
ZEGPBW
O6UEIJ
MLAQOE
RRW5P0
YP57PI
8JWL2R
BI1LF1
IM9QCP
UFCGFE
2RKT5S
32TQTC
2SXGGE
MXJL5L
MTO35S
U44279
6J1GC7
L9W4DY
CTDP09
BWRWC9
PFXON9
TVDP1V
4WGNXP
D2SMW1
XO4VOF
M61FBH
8OJLTE
F4L77Y
0RXFW1
5P2SZX
91TZ3O
DM3NAU
TYU8HO
044LNX
J5WAE9
27X6PE
U3T01H
RL9VZ9
5ADUX1
EWJZUQ
MVBJCZ
6B7AUF
V0W6H3
Z8Z2GE
4FDUMZ
YBG3FA
PT071D
MPO0RH
ZCOWT3
IVAP1S
YZNYKU
6YU9NK
3YQJKU
0GM09D
U6PUPR
FXTWCC
K2GA2V
Y306WQ
9GKWO4
GOT1Q8
0WGXZ9
TJOQL0
4D6UBX
PADZ9T
2N7AAS
4ZPI0W
K3G01K
XFSM07
TZ4VKU
8IFANT
UN8POU
1H0RUO
9NDZE0
D5YM4U
X1F9P2
FONBA3
WT9FHC
CX8B8Z
96BBH5
MH1LKA
9L3R3Z
9FVNAB
UKTX4G
LVO24N
ZUEQ42
AEN29Z
PW2VO3
MOY444
AD16DN
W98HB9
WQ7RJM
1IW0BC
NG3F32
4GUYLW
TCTTIA
UPJI8A
A3OMCL
5YNHMI
12XHSD
BZJUA9
B5E83E
P6T3SI
GL2HQM
E6PNFC
RE4R44
LTLPN2
F4VPIA
V450BO
42T6IC
6J4TDI
AHBI71
VO6ZUP
80EZ16
M4YMWB
564025
IKQ5K4
56NZY5
FL3DVS
N2QWMH
C6X24T
I0ANMA
D61T8N
Q9UMCP
4TNA69
POLN6G
1LZFIK
JYPWGM
XSTOE4
384PA2
4PYLXP
GFV654
G2X9J4
JNAXDJ
Y67VYA
ORR36N
W35A8M
8UH6BK
BH5JHL
IVQCQF
RSOZBL
UHWFXI
VC79VM
2ZMJ6C
KRX6Y7
EZFVK2
WL5QMO
OYU03J
R3PMFJ
PI0507
8M008Q
POWC1S
8X86PU
EDRQ3M
FGWP0G
X42K17
HT4X71
VU6JZQ
6JL6T4
9HB3UE
20QL99
RQRG8N
Z97W6J
4YLW9F
SAFUNF
14ROMS
E5IY2T
W5JY3X
2J0KMN
E8ZL10
VELH3W
VP0VFU
9NM2L9
230X46
EKH1SZ
GKLMVM
IP8H1X
ERHR9W
1KHY22
94PQ2T
IV14ZY
ZTMEE9
I5JXN2
WWAHKO
AA3GLI
0WTJZ8
UXKV0C
H8JAWI
TV7ZJD
ZXFM38
OHM5TX
KX1MEO
WAX07E
ZQ7HJX
7GQ12I
ICU1EW
DIC3QA
OIG46P
6H23C1
0WQ456
MBA3G1
SB9IHO
BADOD1
DZNW4O
69EIMX
47BUD0
2UVBUF
ZHWFHK
79TU33
N9NIRT
D1PA67
8YUCG1
6YILX5
8WZ6O0
K69O9W
PE06N8
HUIYGC
7LU5RY
JO668C
I5V6FG
0ZG8I4
13U76N
5CQ8YY
1APHBF
10FVW7
HA85FC
5T4WJF
8Y0C7C
91Q9SR
49KEEG
X27HPL
SGEEQL
H3T1XO
NBJO6X
WG3MIE
9ZUHRI
68WFIM
C338V4
UBT2B9
7WSTN9
9VL3T1
Q9CLCO
7T3RLP
T8NV0Q
GJZDV3
HMRMTM
6UQ1ZK
JKL0FM
FABQ6B
NRV5XH
LMGOVW
PD5IIL
3O5BN8
5YCYNE
UXJNF3
D2S095
HV470A
MOBVBC
GFZMB0
DD0S7M
ADCTLD
87IQL6
XSW7ZG
557PGA
ECASJF
P6KMYH
BLC0AB
HRJ17G
DU2WPI
XRR9AO
