ids
9V3PYJ
3TIC7R
HC0YJT
XYSPRG
5ROYVP
XSVZ0D
6YU9NK
5ADUX1
SBP251
XO4VOF
102L0Q
AXXYP7
VGXPMH
2DRVCT
ZABSDC
GBUSE0
AYQ9SS
ZZZ0GT
2RKT5S
QMHR2R
JO668C
DFV4BB
Z164JF
D8V6OI
WEN1XS
POLN6G
YS1VGV
K6KTO9
EKH1SZ
X44PQ5
OM4DSK
8BFDLM
78G3HG
8OJLTE
1VS9QF
YUP9II
6JL6T4
MNW2UP
D4QODF
C938XL
NRV5XH
ZHWFHK
0GM09D
C6VEGY
UL2SLU
DR8QBE
40XBN0
6HR9PB
Y8VHIH
8VMO9L
PUZHUT
C4VN2C
T4QMX8
CV18CV
GN0JLK
5C8YU7
09818D
K21HIL
D0KAO8
YJWJLV
RSOZBL
VQOHN8
6VI2SP
86U7KZ
VJBA07
BERWJQ
XNX4EY
NJ9442
5YNHMI
VXDBV7
91TZ3O
L3DDHC
M4JRAD
LEAMKB
WA6WVA
DLLU5A
HWLZKP
IHO22M
W1PR17
324OWU
WQP5SZ
NIJVMQ
L22NHO
7WNY4G
33PHCF
L9XE0P
4UTDDB
V47PXX
F8IJWM
BYHVG9
94PQ2T
9VL3T1
DE64UM
UM3PXK
IS0BBB
XZIW0R
M25Q22
DTB52I
16YELX
53LSPJ
GN2C38
9L3R3Z
R1OH6S
7XFHLX
Y78KD5
5B9ZWW
YP57PI
UXKV0C
0BTWTU
WTHUBT
66KGAG
0PGPQI
IIYN8U
LG3953
BJBLCD
XSWHMR
P5SI4F
NB12D6
HDXW1X
ZCOWT3
5N8NVC
7260I3
E6PNFC
6UQ1ZK
OJI51T
1V8EBB
977RFO
15315A
GPYLA9
97090T
80U8KY
781QLG
R33C81
NG3F32
1PTL8P
8IFANT
2HR2D6
HVMXGZ
YLJMI6
GS6CUU
4RCM4K
WLI5X9
I1A9KN
M2KL4C
1TP36D
RL4CU9
QW5QOG
DQE0YJ
C1PM74
Q17KVU
WFYTEI
80EZ16
LTLPN2
8X9K47
V496TK
3YQJKU
P9AFWO
MDR9BC
JELOYM
GNI36Z
TQL2XJ
3U0OM4
ATVFN8
ZFQJC2
3G9IIA
U662KB
4PYLXP
AYKH8N
T5JOFW
YBG3FA
XKODWK
GHAK2H
C6X24T
KJ5EAO
D5YM4U
D2SMW1
1DVA15
A2OHO4
SHQ230
5MEDFG
XGGACZ
RTUZUK
D30MET
DEGFBM
JYUHNW
RK4B9J
9NDZE0
7T3RLP
IMCTMO
FQPX72
JCCUG2
UXJNF3
TMCG0E
C7QMT0
PY8O8H
Y306WQ
MLE1R8
YGGLTY
0XP18U
L3JFGX
SZ6B14
ZKE8K8
KY09Q0
CC7PCK
SMD87Z
A3OMCL
VKVU2T
L9W4DY
O7OR68
4A1T2F
S6JUIH
I5JXN2
KNDGX7
B3NVV7
CBDXF8
NQGQCG
BRDCAH
79TU33
JV9CKB
7QQLOZ
ZBPAOV
UUNSCA
SR8AMU
YG02FL
FFQT8C
862X02
X84YOA
6A83R9
KW6DCR
Z5IQ4H
9L5AED
REAZ89
B9CQAD
2LC96S
MTO35S
BMYQJ8
B0A1WL
AUS4QO
79DZC0
NDJYF1
N2QWMH
5BWLHZ
M4YMWB
TCMDOV
4FIFGG
X4KEW6
MOBVBC
KCN0O2
5KHGBC
ZH4JWZ
OT4EOH
59HPT0
NBJO6X
YK4KTZ
4Q2UCP
TG2AQ4
1WI931
358FH8
0G40QY
YR5Z4H
TCTTIA
AUZSRK
Z6HQ86
OKXLHO
CR8EEM
PBE0AM
IP8H1X
9XFBEC
GR7J04
56NZY5
GY5LZF
LV9V1E
7DCAIU
DI9VHW
53T14O
O6UEIJ
ROD0GH
F3TYOB
ETGDV4
2SXGGE
PF2PVP
CUKEIZ
ON3JN9
4SAQ1J
QQH33L
56P4BB
VQGN83
SI530O
5YCYNE
AQ1QM0
SGEEQL
BWRWC9
YRP9CS
5P2SZX
U2QO1M
XRR9AO
4X9YKF
X06Q8D
I8ZPED
36GCVQ
WJOMU6
PI0507
W98HB9
JE6TPO
OAKKH9
2ZMJ6C
G3AVG8
R6K3NN
77KZ24
N9NIRT
JZYOEQ
H7MAH4
XD3RJR
HA85FC
18GE64
9NM2L9
D4GTQL
7YL6PC
139POA
U6PUPR
8I9D3F
80KPO7
VZ1HSX
JGQ590
YB8OE0
3260HM
RFNMSP
74V8HT
CUBAED
ENWVHE
ZWBG7Z
FOQW0F
79NM8W
6RRVHD
KUKFI7
U5WGQX
VC79VM
4G9YUJ
885T41
PD5IIL
84F947
SA2LRK
RL9VZ9
9I4Q4T
IKOYGG
ZD6MZS
PADZ9T
5HMR69
0G42R2
TX2024
98W84E
6JNHVP
VP0FVG
6HWN0L
53AHEJ
VELH3W
R6Y8LP
CLSZJC
IHW3M2
BXC5ED
557PGA
NZJKTF
8UH6BK
ACCZA8
O5K7HH
0BNT80
441AMF
IYYFJQ
WROXGU
LVO24N
AL05L4
YWG2EP
LD90VH
C50M45
45L4SM
BFU9IQ
8M008Q
BNC0GU
32TQTC
JHLPNI
922BM8
FZL55K
5HQ6Q1
V5Q7TK
JNAXDJ
PMFI0E
MOY444
16POZQ
7WSTN9
U6G9EA
JEEPNH
QU8NPA
C46LR1
WH0SON
W7U1PX
DKVPET
5CQ8YY
UFCGFE
0NJHZQ
OHM5TX
FXTWCC
EXKYV3
XAR3NP
T6L2KV
FVKKZK
5ZT0CB
MPO0RH
5T4WJF
E3JLKC
0RXFW1
JVOX3F
C1GCCP
7IO1HN
A0EAZU
6B7AUF
RT1MH6
XMPG42
1CVKUB
8QIMJ5
HT4X71
C7VZ1P
9WZFD1
E1JA1M
CUS8AY
6H23C1
ZAM4CF
H8AW3E
KVOZ3Z
A9L9CD
R73GI2
P1MXGZ
Q51CZT
OL56PY
GL1TP3
VZZ5X0
Z1DLJQ
8JXALH
6YILX5
R32WTS
ISH5CD
EECTI3
P0VQY5
ZTMEE9
U94AEF
TVDP1V
Y7ZAOQ
82XDE7
92ACPX
CY1GZT
M1P60Y
IHTNW5
TCY2WB
NNY3QI
2N7AAS
A76MNW
XG3ZQJ
K7B4YU
8YMIHS
05Q82K
D61T8N
B9LAHH
YDSA7B
LMGOVW
UCNTO8
13U76N
KHJM73
6AMLZ8
0JNPQD
OM2AZD
GW4PYF
OH7EH2
6CHYB2
RFOB1Z
1W2PF7
D16FDQ
2MK53R
F2UYER
JODF2Q
4K1WWL
1H0RUO
KZB7TJ
BHG1C2
O294S1
WAX07E
3ZCP47
RW0OBO
2SUU9Z
A39C6E
JFIPHC
FABQ6B
KBUB4R
0EXTDF
U57EH5
118RK2
UBT2B9
IM9QCP
VF6S0N
VH42ZZ
K69O9W
N48AJL
VAQUUW
3BVQ5K
E4AEOK
S7YXP1
4ZPI0W
SOR5YF
O38KBY
1U3B6P
V9VV92
AP1P22
BDO7UO
WLPIH0
D9H6PO
MDITAA
SB9IHO
5BD3LR
YAU95H
KBTRDU
URUECE
7LISLD
LIOYDE
1DUR00
QRR3UD
9POY01
UVMZW6
YDMRLA
P3SIHR
PIEK9M
EX7WKU
J85PT8
QWZALP
Z8CP0R
GIDQ3P
GLTV85
3GEHAJ
X125VU
VCXA2G
70OSSL
G9MEIU
LPM95G
K927KP
MGV14C
7W3C87
V450BO
J5HOLR
D70K91
JHKBUS
076RR7
WG3MIE
47BUD0
0N8BAD
PP167U
TGK0WT
Y0LPNC
SRCHJD
H2SYCW
G8OILS
DD0S7M
9UJ390
K37RQC
96WVGA
VJMEMH
NSWIXS
69EIMX
QUWV83
1K2KZZ
1II4O1
V9DW1U
W4TWYR
BFRKF9
AFJV8Z
JIC6MG
2NGRX8
9RZQQA
V4IC3F
RVTUOX
Z1ZUKT
M61FBH
0069AH
TGHEU1
2J0KMN
JKL0FM
JG0ZNV
4QRT8U
JUE9XP
68WFIM
FL3DVS
GP26P6
0SAV1E
GC5YWJ
V8AX7D
I41NZ6
TYVAS5
T0WOJK
IV14ZY
3C3XSZ
NPNSMB
GLAXRC
UI7IAB
7QBXHQ
ECASJF
4GC7KI
JUB7FE
QQCUFC
K3U619
8X86PU
9158EG
KPLHVT
X1F9P2
4PM9PY
MXJL5L
DD695Q
3VW5DX
O6DJTN
MLBZRG
8XZHVY
ST5FL8
FOCDWK
PNWQNL
SIYCM3
XYN360
BVZY8O
U3T01H
9VZQ6F
O7WBI8
X192U6
6RCIRZ
KSLLON
FGWP0G
YCYRIP
HH4SN3
XAOIF7
JR9M37
EZFVK2
FMLQU4
GOT1Q8
VZ4LZ6
YHYU85
52QJ8T
WT9FHC
CVGXKN
WGQLMQ
25R4NC
3NORRT
QOBUDT
XHEXMH
Z8Z2GE
WS1TS2
XYDRBQ
E5CC21
U3QWTG
NF43PR
7LU5RY
UFQMN8
KQRR1I
1U4IIK
G472R9
7FJAEN
O5T4QM
R1YH7D
EYY4NU
CZK9J4
UKTX4G
WU3ZRK
FW19EW
AM9U0S
12LRY4
5GA790
YR9ZMN
2ZFY63
HYZPDJ
MNINPL
FS3Q7Z
MWA129
AJDRVO
9WO7LI
I0PWP4
1KHY22
1NZVNI
2Q88S4
E5IY2T
MQE7WO
1RTY62
MAB2WB
0BY2WC
18DRG6
4VDKSS
NZONFW
JM3CN4
DL2TVM
9FVNAB
8DIQ1H
YWYPKG
095TGF
QMID7A
YL3OEP
V4RJXI
9JRUMW
OTTBPN
CQHJYG
EA7JK1
XRPI7G
MAPI47
ZOPAB1
MX30JB
CF5CCT
EDRQ3M
W5KMKH
T0CVMT
V6F4HW
N6ABEV
O8V5M0
87IQL6
HR9FK4
Q2YYWV
6V7URD
CTDP09
RRW5P0
FIC3YO
SWED10
2GC7YO
W60HWI
XJFFJ5
0MMPBY
5J27IG
SEXNZ1
S25BL7
MLAQOE
GCV6BV
E6DUQI
BAC2AF
IQ0IUX
F4L77Y
FNGZRE
PQAGZV
076E39
AEWB71
0WGXZ9
IQ2ZXA
95HSEC
Q9Q06N
DT6VJ9
5Z0WT4
KRCW8S
JBX7S9
SKUKQM
JQVZPQ
7PDYTH
ABL1XK
KX1MEO
YQUDX3
ICU1EW
QL2WLD
7GQ12I
3VR4J8
XFSM07
3LPWSP
HV470A
OY08GZ
YO5UIV
I5V6FG
LMPJN0
KRTE3P
XR3TA6
041TBE
64BEDG
IFBMYT
0IOB07
GVZ75T
XPLZM0
F3BIKI
F8O0K0
W1MGA1
VVWVL2
9ZUHRI
BD55NO
EPOZCL
RWNLL4
MW0997
C8B97R
2UVBUF
1DP728
QCRR2U
9VC7UD
6O5XSO
2S0E5L
QSLHWU
7V8SM7
8X66JZ
5ELD9X
CX8B8Z
EU9KM9
TPHN9K
4C2WM1
4YLW9F
RVXGH3
PEWWN4
MGYISU
6NJM2L
RJ68SQ
OIG46P
52LN24
5HTX6B
AHBI71
0F8CWZ
5ETL5S
R3NH2K
49KEEG
UN8POU
XE2OE0
33MG0O
GQXBVP
62TC0B
8DSIE3
Q9DQK3
D57J5V
4RHYNC
Y73L92
4FDUMZ
C63MPA
QSLI7R
8YUCG1
UN55Y5
4GUYLW
1UO67G
6J1GC7
KSA0KZ
9243LW
SZMC4E
8MBD9S
Y3NPKA
O8HPCU
TH74S1
0FOSYI
ZEGPBW
V31M3H
UAAXGA
83UOI4
WDKOM8
96BBH5
TDY8GB
DIM0LG
CC84OF
K0H5DN
X27HPL
Y6ONRQ
G8PHEQ
VMRH2A
TDFXX1
NI9HZM
EXKA0S
7U2BHB
C6A7QX
RXGU9A
DIC3QA
4WDZ33
XPN8XD
KAS7YA
MIXR0N
8KXOTH
0LH3B5
JFYWNC
MVBJCZ
1X44WK
03PX3F
3878J3
UUHYY8
SRZ3M2
V0W6H3
044LNX
060QD5
84QHWJ
ADCTLD
58P6HY
W962OR
23US2I
LYLO05
PDBYGZ
GQU4SE
27X6PE
X7HXNW
4D6UBX
0NH2US
5GSHTS
CK9HO2
3TW6A4
564025
W35A8M
U6BBKL
NCLHA4
8BSFWL
LBUYMZ
J9BL4S
AD6BM2
29SP4J
14ROMS
FONBA3
A2WYN5
LIXQP9
CCO57P
KBPP70
FWMII2
U96OA5
BVIJLZ
1O4PQQ
ZTEAKC
240WDP
PCEGAJ
15OYNM
K9SJDH
R5B5GR
FFJ254
20S3LP
L6SISK
5AOUDD
6Z6DXI
AA3GLI
B1IVX4
25VIKL
07DBZD
4M73SR
MBA3G1
RS2LS4
7Z7GKO
WJC86G
MI04P7
WDQE5D
G09OD4
KYWZ7N
BZGLIO
TX471Q
3S2QUU
VP0VFU
KHNNOK
2JPT0K
1J1IS9
GYWXMB
D7HUQY
FOBM63
E49GSM
92X34E
N8KFU5
7T1EW9
V1Y3TI
X2T4P3
IJ9RIQ
C6X8WX
N9EBBW
6BPW2O
POWC1S
LEJMCZ
ZQ7HJX
HM3UR6
72MI1G
IL1Y5J
2CU7ZY
IVQCQF
Q56L5Y
GJA732
SZGB6B
YFPDWQ
ZNOAXG
SG1QXY
81PSS5
UP5NLN
WJO6G8
RID2U5
XSW7ZG
3RN4NY
K3O76W
MVGF37
R62YIH
4TNA69
ODLPXI
LVAJZM
KSLTLQ
S0BWPT
2IM33L
CZBR14
FUHXQG
XHY015
Q9HDRK
0WTJZ8
QDI5NN
SIADUL
Q9CLCO
DRL0Q0
Q6B4XS
G2X9J4
0YRCG4
N3Y2KI
H9X3CD
ZK7HUS
FXOBWD
MBEFPX
9HB3UE
PZ3Q4L
C47NOC
FS9LW8
3B69PM
TV7ZJD
4E3WHI
EXQWL2
AJSXK4
EQUPR3
GFV654
8LLOQD
FQNB8S
09SYAD
TZ4VKU
Q1JTH0
YZNYKU
K3Y8SF
TY86C7
F8AXZB
E645PU
J1HADE
DP41R5
FLO8WI
4KZGQ0
8I8QZD
BN9TJU
I0E2GW
FCT7AL
W2R5X5
TY9RQP
WQ7RJM
Z97X98
230X46
0WTQ18
TDPL7X
AEB0B5
PW2VO3
ALENQG
P6T3SI
1CRUML
PO1WPB
33D7WG
64HU13
8QGRSO
3BHL4P
UY1BJR
Y9ZFF4
1OPSYF
17XI12
04DT43
VSSBXV
J8HRXY
TEFESP
PT071D
HUIYGC
V0OVZI
FO58J1
CIFCOK
UHW0R0
75VMH6
GZPA2P
BZJUA9
VYFZK3
9PSYMF
3F8KRI
FS7SX2
JBSLYH
1APHBF
RH19CW
H64R06
AQPHLG
42T6IC
LBL5OF
6ETE8H
M3BPGH
10FVW7
V2QCMM
CQR8D5
GK4E07
K7F2ZV
CE1YVD
351KDW
1FDE11
3O5BN8
UPJI8A
6J8D8Q
J36NU6
WVKC41
TSCBBV
9IQHUM
2HUY2I
FX2FHX
QA2ILS
UM90XT
KXS4XL
BLESPI
NFEH33
PRWVE9
XUO6MV
F52JRQ
BX3ID6
73J79E
VU6JZQ
940ZMY
AEN29Z
RQRG8N
KAVA2X
CQ0NED
KP3296
5FLAAX
S7Y4LV
LYY1UT
8YEXPT
4WGNXP
1IW0BC
DU2WPI
1WIEX7
DM3NAU
V0PJCH
Y70TO1
LT43X7
8Y0C7C
CIQASJ
X42K17
HRJ17G
LGZY7B
9GDD81
X8BGBT
77P2UY
WL5QMO
65TXXV
RYX2EQ
IA86WQ
UZT4UI
ZQP63V
ZUEQ42
9N9QK0
D3PDQG
E9W7KQ
WVJA1U
R3PMFJ
3DZMDA
KTORVI
S0BPRS
MCSP88
WY6RW7
OIWOM7
1QZ2W9
XIUR3F
J0P3XG
IJHFLE
BADOD1
F4VPIA
G1BBNB
PU14F1
6J4TDI
XRJ0H5
ZPJ42S
RDID72
WUI1K8
A9T8L1
8WZ6O0
LXNA8E
IUSGMR
GFZMB0
01FUWE
Y2QSGT
P6Q1DM
I0ANMA
JDP5T6
60XLRI
CRV6NM
B62DMQ
1LZFIK
O1CIFK
0139FS
WUW1GT
30A856
C1O37V
S125EQ
1Q8GKB
4LX0H3
GFW2ZB
6N2N46
VAUKLY
8IZ91I
WF9J91
OV9JPS
50LRI4
P5OHRJ
SAFUNF
R1P1FA
50RMLG
JQ4EM9
EAAWYL
6GBKL1
IXE6FD
RE4R44
6YEMS7
PHFY8S
EN4YQF
D1PA67
9GKWO4
9SLAQB
BH5JHL
MGE8J5
RSVM45
VO6ZUP
48VWJW
ENAEBK
PRX1CQ
9WO88G
MBK3PM
QL33GN
AMVPX0
5KKUR9
D86RVG
JAPN5M
BLC0AB
OF2VT0
J5WAE9
7QIPLL
HZAOA9
KUOEHI
52CYZO
KCFG2F
0ZG8I4
D3W5XD
PFXON9
T8NV0Q
MH1LKA
YF3S3W
VL6WIU
A3V1AB
YLVP2C
AFAJX4
W0VY5N
DZOE3P
WZ554S
GKLMVM
R82ATM
EWJZUQ
5XBA67
GK5YRO
Z7C1RY
IWDT1O
H6GPEZ
44BOBV
6HY4WV
BI1LF1
UXTZFI
E2R5DE
3X1HPN
91Q9SR
6QTA3U
KVZQK0
SS2YJC
3ZQXA0
H69EMW
FIRT80
KBCFC4
O28GGT
TSKTRS
IVAP1S
9DCTS6
WI3MG7
ZXFM38
3FXNZN
R9REY0
U06C68
DZNW4O
F5UJO8
C8VH2B
B5E83E
R8W40L
SVFSTR
Y67VYA
KBELH8
SW77KE
XI99CY
QZEKC7
UHWFXI
Q8C69R
UFQ889
KCU00Z
20G2RE
RVL51L
Q0UB2C
2Y6LU0
Q6WMCP
C4ZXA5
Q2DKB6
ZYAM5P
KRX6Y7
Q6L8XX
0H0UEO
ERHR9W
53RBO2
Y2341P
G3KBTC
ESIFIY
RBO7EP
UPJH6E
X02ZTY
EKWY4S
837JQB
P8B8DQ
XZ09WS
FBP4YE
6R8SMV
U64T09
5IAON7
UB8Z93
OSCCEB
A03EVP
B0Q8HD
57A8EZ
I3YNQD
H8JAWI
W5JY3X
I2AZ06
BKW9NF
4UPXNU
1FM03Z
ORR36N
Q9UMCP
20QL99
CS9NKS
68T7VW
2WGCQ4
7HM2Z5
LL69UU
QJLYCF
CGNPSR
D53MT3
U44279
SCAC39
GJZDV3
N8AFGT
FWOZZ1
GGLWDN
NZVDDR
9TQ5LO
Z97W6J
J7CY61
HLKGA8
Y88BKL
9V5YRV
VCRZYZ
2XAPQR
8UX0VW
R1TGJV
X011KV
WLDBC7
VQWLBO
BRL878
5E3CK4
RRYC5G
C338V4
MHZPD7
0WQ456
1DYOFK
DPDDIH
Z4YJNP
Z44WBC
ONMHZ9
IR5PYM
LXU75A
5HSVZA
ON5X9M
UZSX6M
4Q2CW1
9K0SOI
ZESFPG
TKCDLW
T80KD0
PVLRKN
XSTOE4
0QE4HE
GL2HQM
3YMALU
H9R5ET
19H2RP
0ZWSZ8
ZNUJF6
T5U6O9
V523JX
NS21FF
P744X1
4GXFV7
TB92G3
8ROCZF
1XDD8H
GNX0G3
12XHSD
EJER1R
FW0F2M
6XRI79
J6LXGV
AC6WUN
PE06N8
ZCV2NM
2XUWNM
D35K68
0ADZ9W
LC7N5Q
YH5T8X
ZGF2TZ
S94SF3
JUELN8
S52U06
LYIUL9
OVP1B8
P6KMYH
OYU03J
HOELKU
WSZWZR
K2GA2V
71DB6K
AD16DN
XCBKCU
2Z41C0
IKQ5K4
U49GKC
TYU8HO
2PE13K
WWAHKO
GFQQWC
K3G01K
8A5TCS
2YFUSB
BO4WGB
CLSGLL
384PA2
A2N0PS
WK3X1N
Y2W1PH
E1MAAG
G5FVYO
SPCHYI
D2S095
Y2WFWH
ZGUTHR
SFEXGH
JYPWGM
3UEIT2
W563OR
PEYQ9Z
E8ZL10
7R0E9J
JO775E
AK2C82
9CD6NT
7JL9A8
HMRMTM
KF4NTZ
AB30SM
O4QSFT
YHYNSO
A2T0EB
WR3RI0
FIJHAT
2I1YL0
8JWL2R
LC19QE
UUSK1R
6NIB2O
IJ7Y34
QST4AD
RNUTKT
MFLM2O
ANUBU0
