ids
F5UJO8
Z1DLJQ
PNWQNL
4TNA69
WJC86G
ZPJ42S
AJDRVO
91Q9SR
XJFFJ5
Y78KD5
9DHV36
SWED10
RSJ154
2CU7ZY
YCYRIP
CUS8AY
5ROYVP
NNY3QI
Q56L5Y
LBUYMZ
GJZDV3
MNW2UP
14ROMS
IYYFJQ
FO58J1
Z5IQ4H
240WDP
4QRT8U
UN8POU
837JQB
BZGLIO
CC84OF
O5K7HH
V9DW1U
IXE6FD
MWA129
GN0JLK
2RKT5S
X84YOA
71DB6K
5HQ6Q1
2ZFY63
VZZ5X0
O1CIFK
JUELN8
EPOZCL
BZJUA9
AC6WUN
KQRR1I
U96OA5
P6Q1DM
G8PHEQ
CZBR14
A2T0EB
IUSGMR
HOELKU
Q9Q06N
07DBZD
01FUWE
RDID72
QW5QOG
BLESPI
ZH4JWZ
G09OD4
2N7AAS
50LRI4
GP26P6
TJOQL0
G3KBTC
QJLYCF
M4JRAD
1Q8GKB
1DYOFK
QST4AD
DRL0Q0
R1P1FA
WK3X1N
UFQMN8
CQ0NED
DD695Q
977RFO
PU14F1
BJBLCD
Q0UB2C
XRJ0H5
7M61H8
59HPT0
VYFZK3
JUB7FE
O5T4QM
0WGXZ9
FCT7AL
IA86WQ
EDRQ3M
D7HUQY
V9VV92
0NH2US
XE2OE0
YRP9CS
K21HIL
LMGOVW
23US2I
KRCW8S
XPN8XD
8VMO9L
JO775E
ST5FL8
EAAWYL
SAFUNF
JEEPNH
ATVFN8
TVDP1V
WZ554S
Q6L8XX
SPCHYI
V2QCMM
9L3R3Z
8JXALH
AP1P22
7Z7GKO
OT4EOH
118RK2
09SYAD
DPDDIH
C6X8WX
HVMXGZ
XSW7ZG
MXJL5L
EXKA0S
N8KFU5
WJOMU6
FS3Q7Z
MNINPL
6HY4WV
FXTWCC
VCRZYZ
564025
Y88BKL
YLJMI6
ON5X9M
940ZMY
27X6PE
YS1VGV
B5E83E
86U7KZ
Z1ZUKT
H9R5ET
ZHWFHK
KBPP70
9VC7UD
A0EAZU
K37RQC
XO4VOF
TH74S1
U64T09
0ZG8I4
BXC5ED
B62DMQ
JE6TPO
351KDW
VU6JZQ
E1MAAG
6V7URD
SR8AMU
5T4WJF
ZD6MZS
ECASJF
8BSFWL
EWJZUQ
1WIEX7
B0A1WL
DLLU5A
XPLZM0
V8AX7D
8MBD9S
U06C68
UUSK1R
GK5YRO
WQ7RJM
VMRH2A
HUIYGC
5XBA67
GQXBVP
LYLO05
X7HXNW
4VDKSS
GL1TP3
TCMDOV
64BEDG
20QL99
UB8Z93
M2KL4C
RVXGH3
P8B8DQ
GJA732
7WSTN9
15OYNM
C47NOC
12LRY4
YAU95H
YH5T8X
Q2YYWV
WUW1GT
9VL3T1
WROXGU
MGE8J5
Q6WMCP
HRJ17G
VC79VM
NCLHA4
AMVPX0
D4QODF
QRR3UD
94PQ2T
WT9FHC
DZNW4O
UI7IAB
UZSX6M
VP0FVG
BYHVG9
YGGLTY
DKVPET
RJ68SQ
AD16DN
QOBUDT
YHYNSO
E49GSM
8JWL2R
3TIC7R
1WI931
5FLAAX
U6G9EA
1DVA15
DZOE3P
18GE64
ZUEQ42
NDJYF1
AD6BM2
2Z41C0
7HQZXK
ZXFM38
QSLHWU
P9AFWO
JVOX3F
NQGQCG
78G3HG
5ADUX1
05Q82K
1DUR00
4GUYLW
QL33GN
NB12D6
UM90XT
83UOI4
FOCDWK
H4L317
041TBE
YJWJLV
SG1QXY
8ROCZF
8M008Q
IHW3M2
FWOZZ1
JM3CN4
I3YNQD
LIOYDE
UM3PXK
IJ9RIQ
C50M45
S125EQ
MQE7WO
33MG0O
16YELX
7FJAEN
6AMLZ8
L6SISK
F8AXZB
QMHR2R
N9EBBW
OJI51T
CIFCOK
ZWBG7Z
W1MGA1
UKTX4G
CIQASJ
TDFXX1
5BD3LR
BHG1C2
NIJVMQ
UY1BJR
QL2WLD
VZ4LZ6
2MK53R
OTTBPN
0069AH
S6JUIH
KNDGX7
GS6CUU
74V8HT
ZAM4CF
LYY1UT
O294S1
I1A9KN
MH1LKA
P3SIHR
XAOIF7
87IQL6
R1YH7D
9UJ390
77KZ24
076RR7
A2N0PS
80U8KY
1APHBF
Z97W6J
80EZ16
J36NU6
5HTX6B
VGXPMH
MGV14C
QUWV83
HWLZKP
VXDBV7
X4KEW6
PEWWN4
SW77KE
3F8KRI
E1JA1M
UL2SLU
5IAON7
0GM09D
P1MXGZ
BLC0AB
FFJ254
OV9JPS
YL3OEP
15315A
LPM95G
8WZ6O0
YWYPKG
W5JY3X
KHNNOK
65TXXV
30A856
DQE0YJ
4LX0H3
DT6VJ9
R5B5GR
POWC1S
H7MAH4
XZIW0R
J8HRXY
C7VZ1P
WH0SON
JZYOEQ
AK2C82
NG3F32
X192U6
JFIPHC
4YLW9F
4SAQ1J
YK4KTZ
ESIFIY
1H0RUO
LG3953
V4IC3F
PD5IIL
KRTE3P
IVAP1S
LBL5OF
ABL1XK
IVQCQF
JYUHNW
9FVNAB
6NIB2O
YO5UIV
V0OVZI
RS2LS4
K3U619
KVZQK0
9I4Q4T
IJ7Y34
MVGF37
AB30SM
1CVKUB
F4L77Y
4KZGQ0
WDKOM8
52CYZO
V31M3H
RT1MH6
TSCBBV
4RCM4K
A2OHO4
D16FDQ
KXS4XL
MPO0RH
CSDYMY
J5WAE9
3RN4NY
Q9DQK3
LIXQP9
BN9TJU
CUBAED
RBO7EP
SIADUL
6B7AUF
4RHYNC
LC19QE
2GC7YO
U5WGQX
4A1T2F
33D7WG
MAPI47
9ZUHRI
3UEIT2
PZ3Q4L
U6BBKL
LVO24N
GQU4SE
XYSPRG
1J1IS9
8BFDLM
48VWJW
REAZ89
Z8Z2GE
9NDZE0
EQUPR3
781QLG
Y0LPNC
42T6IC
PF2PVP
50RMLG
Y3NPKA
SFEXGH
RNUTKT
FXOBWD
0N8BAD
UCNTO8
TY9RQP
BO4WGB
FOBM63
BAC2AF
4D6UBX
GK4E07
G472R9
ZOPAB1
JQ4EM9
MGYISU
81PSS5
5YNHMI
WG3MIE
H69EMW
AL05L4
40XBN0
BFRKF9
Q6B4XS
SIYCM3
IS0BBB
GIDQ3P
XRPI7G
6R8SMV
M25Q22
20G2RE
2ZMJ6C
SA2LRK
D61T8N
Z8CP0R
UFQ889
DP41R5
7DCAIU
H9X3CD
C1GCCP
VQGN83
WU3ZRK
BADOD1
7V8SM7
VAUKLY
0139FS
64HU13
C1PM74
Q1JTH0
FMLQU4
70OSSL
CK9HO2
8YMIHS
UBT2B9
T8NV0Q
L3DDHC
T5U6O9
BWRWC9
5ZT0CB
DL2TVM
9V5YRV
2YFUSB
2Y6LU0
8YEXPT
AXXYP7
4PM9PY
YBG3FA
ZFQJC2
92G32D
J9BL4S
RID2U5
VAQUUW
RSVM45
QQCUFC
HH4SN3
139POA
XR3TA6
6UQ1ZK
LEJMCZ
MBA3G1
M3BPGH
45L4SM
5KHGBC
A9L9CD
C1O37V
L9XE0P
R6Y8LP
HT4X71
1VS9QF
V496TK
N48AJL
PFXON9
6N2N46
RWNLL4
HYZPDJ
QZEKC7
Y306WQ
5N8NVC
4ERJJ6
NZONFW
CCO57P
OSCCEB
Y8VHIH
TG2AQ4
DTB52I
D2S095
FNGZRE
6JNHVP
FBP4YE
RXGU9A
QA2ILS
8LLOQD
29SP4J
7LISLD
8Y0C7C
324OWU
XMPG42
D30MET
V450BO
GNX0G3
9L5AED
J6LXGV
KBUB4R
0SAV1E
3U0OM4
9GKWO4
96WVGA
WSZWZR
O38KBY
L3JFGX
MAB2WB
NZJKTF
JAPN5M
XIUR3F
03PX3F
9WO7LI
KBELH8
4PYLXP
8IFANT
WVJA1U
92ACPX
U662KB
4UPXNU
UHW0R0
SZGB6B
GPYLA9
3LPWSP
KJ5EAO
V0PJCH
NBJO6X
8I9D3F
6HWN0L
Z164JF
RE4R44
X02ZTY
YUP9II
0QE4HE
7QIPLL
R1TGJV
T0WOJK
7PDYTH
X011KV
MW0997
GL2HQM
2SXGGE
N2QWMH
BNC0GU
MBEFPX
ENAEBK
LTLPN2
IWDT1O
2S0E5L
EKH1SZ
ADCTLD
UPJH6E
R9REY0
Q17KVU
ZBPAOV
E2R5DE
384PA2
ZQ7HJX
O6DJTN
RRYC5G
VH42ZZ
2DRVCT
KF4NTZ
O8V5M0
