ids
D53MT3
885T41
FLO8WI
FQPX72
LT43X7
UHW0R0
4C2WM1
5ELD9X
F3TYOB
8MBD9S
9WZFD1
58P6HY
BKW9NF
F4L77Y
230X46
RBO7EP
FONBA3
A2N0PS
96BBH5
53T14O
3RN4NY
03PX3F
LBZ8RU
ZCV2NM
OM2AZD
QWZALP
P3SIHR
KQRR1I
EXQWL2
4FIFGG
V47PXX
18GE64
AC6WUN
3AIJA3
LBUYMZ
4K1WWL
SA2LRK
YK4KTZ
BLESPI
VJBA07
URUECE
9DHV36
R1P1FA
KYWZ7N
92G32D
XCBKCU
TGHEU1
K9SJDH
5IAON7
R32WTS
GJZDV3
I0E2GW
Z5IQ4H
E6DUQI
JNAXDJ
DD695Q
1DYOFK
4A1T2F
YFPDWQ
ORR36N
6O5XSO
VCRZYZ
YGGLTY
ZABSDC
2PE13K
96WVGA
KRX6Y7
X02ZTY
C6VEGY
ISH5CD
UL2SLU
40XBN0
D9H6PO
VU6JZQ
XHEXMH
JCCUG2
C6X24T
6NJM2L
29SP4J
5J27IG
GP26P6
7WNY4G
PW2VO3
Y2QSGT
KCFG2F
7QQLOZ
UM3PXK
DFV4BB
EJER1R
0WTQ18
SIYCM3
EQUPR3
O38KBY
A03EVP
W60HWI
YWG2EP
GK4E07
ENWVHE
WLDBC7
076RR7
DIC3QA
J85PT8
PHFY8S
SZ6B14
YHYNSO
GY5LZF
0NH2US
C6X8WX
AXXYP7
98W84E
2HX0YG
EN4YQF
XMPG42
ON5X9M
K927KP
N8KFU5
CK9HO2
AB30SM
5KHGBC
QMHR2R
CQR8D5
IWDT1O
WQP5SZ
83UOI4
PIEK9M
WJC86G
1W2PF7
Y7ZAOQ
0RXFW1
23US2I
W563OR
XYDRBQ
SEXNZ1
HH4SN3
9GDD81
LPM95G
UCNTO8
92X34E
GVZ75T
3LPWSP
DU2WPI
ZBPAOV
T80KD0
TB92G3
ESIFIY
3F8KRI
G5FVYO
71DB6K
UAAXGA
1IW0BC
9WO88G
1UO67G
VZ4LZ6
384PA2
F2UYER
CR8EEM
HR9FK4
3ZQXA0
Z8CP0R
LXNA8E
Z164JF
J1HADE
SRCHJD
G3KBTC
9XFBEC
F52JRQ
HDXW1X
MHZPD7
F3BIKI
5C8YU7
K3G01K
7U2BHB
Y78KD5
GQU4SE
D7HUQY
KCU00Z
I5V6FG
7YL6PC
3878J3
AEWB71
9ZUHRI
NFEH33
FIC3YO
2CU7ZY
9RZQQA
DP41R5
66KGAG
FOBM63
I8ZPED
GR7J04
9NM2L9
7HQZXK
W1MGA1
25R4NC
6YILX5
KW6DCR
4GXFV7
4UPXNU
KBELH8
5HMR69
T6L2KV
FVKKZK
8LLOQD
UZT4UI
4D6UBX
X44PQ5
TEFESP
NZONFW
RSOZBL
IIYN8U
1FM03Z
FWOZZ1
IL1Y5J
UUHYY8
QSLHWU
X125VU
PQAGZV
QST4AD
WQ7RJM
EPOZCL
O7WBI8
NQGQCG
1CRUML
UFQ889
NIJVMQ
U6PUPR
PNWQNL
09SYAD
L9XE0P
AUS4QO
W4TWYR
GFZMB0
VQWLBO
2HUY2I
N36HNB
8M008Q
4TNA69
8DIQ1H
36GCVQ
JYPWGM
BRL878
VAQUUW
8ROCZF
K2GA2V
YR9ZMN
862X02
DR8QBE
1V8EBB
P8B8DQ
79TU33
O7OR68
94PQ2T
IKOYGG
DD0S7M
K7F2ZV
XFSM07
3O5BN8
5YCYNE
9V3PYJ
XGGACZ
L3DDHC
S94SF3
D2SMW1
TSCBBV
FCT7AL
S7Y4LV
324OWU
XO4VOF
2ZFY63
QL33GN
UUNSCA
KNDGX7
YUP9II
MFLM2O
GFQQWC
KSLTLQ
8A5TCS
2IM33L
7GQ12I
B9LAHH
PD5IIL
3TIC7R
GFV654
9V5YRV
CX8B8Z
2N7AAS
4KZGQ0
ETGDV4
4UTDDB
M25Q22
W1PR17
6XRI79
UBT2B9
AHBI71
7LU5RY
IR5PYM
OIWOM7
T0WOJK
3X1HPN
7R0E9J
MNINPL
JIC6MG
2SXGGE
1H0RUO
WFYTEI
3B69PM
TMCG0E
OY08GZ
YP57PI
1II4O1
D70K91
K37RQC
UP5NLN
EAAWYL
FS9LW8
LEAMKB
W2R5X5
SZMC4E
O28GGT
Y73L92
RK4B9J
LD90VH
VAUKLY
Z7C1RY
J36NU6
FFQT8C
Q9Q06N
AJDRVO
QCRR2U
V0W6H3
6B7AUF
JUE9XP
A39C6E
LV9V1E
RT1MH6
VL6WIU
9L5AED
F8IJWM
D30MET
TH74S1
V4RJXI
TYVAS5
MGYISU
X06Q8D
DT6VJ9
EX7WKU
VQGN83
6JNHVP
K69O9W
1VS9QF
WDKOM8
BD55NO
MNW2UP
VGXPMH
GIDQ3P
EWJZUQ
G1BBNB
F8O0K0
AEB0B5
XE2OE0
IV14ZY
GYWXMB
10FVW7
5P2SZX
ZZZ0GT
NPNSMB
33PHCF
BWRWC9
Y6ONRQ
19H2RP
MGV14C
PADZ9T
LIXQP9
YAU95H
358FH8
IKQ5K4
6Z6DXI
JV9CKB
3YQJKU
FX2FHX
MLBZRG
ODLPXI
1PTL8P
WH0SON
RVTUOX
U96OA5
HUIYGC
M2KL4C
PDBYGZ
JR9M37
SI530O
CC84OF
ZK7HUS
KBUB4R
48VWJW
79NM8W
1CVKUB
U44279
Y67VYA
RTUZUK
N9EBBW
JBX7S9
NF43PR
WUI1K8
20S3LP
U2QO1M
PEWWN4
0FOSYI
GW4PYF
FZL55K
4RCM4K
C6A7QX
Q51CZT
SOR5YF
R9REY0
C1GCCP
8OJLTE
TJOQL0
0MMPBY
ANUBU0
GQXBVP
ZGF2TZ
J7CY61
139POA
LC7N5Q
A3OMCL
PFXON9
5BWLHZ
2DRVCT
I41NZ6
WEN1XS
LEJMCZ
A2OHO4
8IZ91I
17XI12
IS0BBB
UI7IAB
TDY8GB
KP3296
RE4R44
ZWBG7Z
6QTA3U
YHYU85
R6K3NN
3C3XSZ
QSLI7R
H7MAH4
V8AX7D
B1IVX4
6V7URD
SG1QXY
XI99CY
Q6B4XS
RNUTKT
LBL5OF
WI3MG7
AQPHLG
9WO7LI
4YLW9F
7QIPLL
8IFANT
56NZY5
CUKEIZ
7IO1HN
P9AFWO
H3T1XO
A9L9CD
E5IY2T
TX2024
D16FDQ
S7YXP1
ST5FL8
Y2W1PH
6J8D8Q
SHQ230
A2WYN5
H2SYCW
Z4YJNP
B5E83E
PI0507
KHJM73
Q2YYWV
75VMH6
OIG46P
0YRCG4
1X44WK
BFRKF9
UFCGFE
AYKH8N
R1YH7D
R62YIH
30A856
ZD6MZS
4QRT8U
AUZSRK
H9R5ET
D4QODF
S125EQ
CIQASJ
80KPO7
9GKWO4
RXGU9A
WL5QMO
4ZPI0W
OL56PY
LIOYDE
EZFVK2
IP8H1X
IMCTMO
92ACPX
NCLHA4
Y2341P
E9W7KQ
KSLLON
WWAHKO
C4ZXA5
V2QCMM
KJ5EAO
UXJNF3
YWYPKG
837JQB
WF9J91
6JL6T4
YRP9CS
T0CVMT
K3U619
E1JA1M
7Z7GKO
DEGFBM
KF4NTZ
ZUEQ42
5E3CK4
I0PWP4
TX471Q
GBUSE0
15315A
G9MEIU
781QLG
0H0UEO
LTLPN2
X011KV
BAC2AF
6ETE8H
VYFZK3
XD3RJR
BI1LF1
7FJAEN
MI04P7
GC5YWJ
6YU9NK
95HSEC
XZ09WS
HRJ17G
LG3953
8BFDLM
AFJV8Z
3YMALU
6AMLZ8
DZOE3P
ECASJF
C8B97R
BX3ID6
QJLYCF
1RTY62
QMID7A
C338V4
2HR2D6
GNI36Z
HT4X71
8Y0C7C
XAR3NP
0F8CWZ
V0PJCH
U6BBKL
MWA129
KRCW8S
8UX0VW
B62DMQ
FNGZRE
MAB2WB
8WZ6O0
KPLHVT
1XDD8H
JUELN8
XRPI7G
X84YOA
8QGRSO
CLSZJC
6RRVHD
RFNMSP
P744X1
YH5T8X
6HWN0L
4M73SR
0069AH
B0A1WL
IHO22M
GJA732
4WGNXP
WDQE5D
Z1DLJQ
K3O76W
91Q9SR
6H23C1
7LISLD
MBK3PM
MW0997
WSZWZR
CRV6NM
PCEGAJ
TV7ZJD
UPJH6E
9TQ5LO
RRW5P0
H8JAWI
YR5Z4H
I1A9KN
6A83R9
QZEKC7
6NIB2O
T8NV0Q
U57EH5
AK2C82
2WGCQ4
01FUWE
AD6BM2
JYUHNW
VQOHN8
KUKFI7
4X9YKF
FS3Q7Z
UPJI8A
