ids
UXKV0C
JO668C
HZAOA9
0GM09D
GJA732
LC7N5Q
40XBN0
W35A8M
G5FVYO
O5K7HH
NS21FF
4K1WWL
FW0F2M
OH7EH2
UVMZW6
XYDRBQ
ZK7HUS
25R4NC
4D6UBX
V4IC3F
TZ4VKU
EPOZCL
H8AW3E
922BM8
KYWZ7N
QUWV83
BZGLIO
M1P60Y
RW0OBO
A9T8L1
X27HPL
0F8CWZ
6N2N46
L6SISK
T80KD0
PF2PVP
BFRKF9
LMPJN0
O5T4QM
ALENQG
50RMLG
1II4O1
2XAPQR
OT4EOH
NZONFW
A2T0EB
Z164JF
FNGZRE
64HU13
VP0FVG
YWYPKG
5KHGBC
GBUSE0
564025
2SUU9Z
JELOYM
SZGB6B
56P4BB
6RRVHD
F3BIKI
AXXYP7
1W2PF7
WT9FHC
1DP728
ZNUJF6
QU8NPA
2HX0YG
LIOYDE
VO6ZUP
AQ1QM0
O4QSFT
R5B5GR
23US2I
GKLMVM
T5JOFW
0SAV1E
YUP9II
87IQL6
LMGOVW
K0H5DN
HVMXGZ
FIJHAT
LYLO05
6CHYB2
557PGA
XYN360
OY08GZ
U662KB
62TC0B
W563OR
0PGPQI
1O4PQQ
YDSA7B
OV9JPS
4UTDDB
2ZMJ6C
80U8KY
0069AH
NQGQCG
KF4NTZ
940ZMY
NSWIXS
E8ZL10
2RKT5S
53AHEJ
3260HM
80KPO7
GVZ75T
LVAJZM
4RCM4K
3U0OM4
6QTA3U
EZFVK2
V31M3H
U2QO1M
D30MET
WLI5X9
U5WGQX
XE2OE0
BADOD1
Z97X98
5P2SZX
EYY4NU
NDJYF1
WJC86G
AC6WUN
6O5XSO
8ROCZF
XD3RJR
XGGACZ
U64T09
V0W6H3
5C8YU7
94PQ2T
AHBI71
4Q2UCP
Z4YJNP
HRJ17G
3UEIT2
UZSX6M
4GC7KI
DQE0YJ
PIEK9M
441AMF
9VZQ6F
9CD6NT
NJ9442
NB12D6
9FVNAB
7QQLOZ
FVKKZK
8MBD9S
C6VEGY
A3OMCL
7QBXHQ
8X86PU
AUS4QO
3AIJA3
Y3NPKA
Z97W6J
GQXBVP
XNX4EY
BI1LF1
OVP1B8
885T41
EDRQ3M
VH42ZZ
8X9K47
V9VV92
XHY015
CSDYMY
J8HRXY
ZD6MZS
8QGRSO
18GE64
F8O0K0
UUHYY8
8YEXPT
ACCZA8
6HY4WV
0BY2WC
G3KBTC
U6PUPR
Q6WMCP
R3PMFJ
NG3F32
XSTOE4
NZJKTF
K3Y8SF
PCEGAJ
25VIKL
D61T8N
YH5T8X
TEFESP
GNI36Z
BVZY8O
ADCTLD
YDMRLA
WFYTEI
WH0SON
3F8KRI
FABQ6B
U06C68
PADZ9T
ECASJF
GFV654
17XI12
V6F4HW
8A5TCS
4GXFV7
4QRT8U
CC7PCK
8M008Q
Q56L5Y
076E39
07DBZD
UUNSCA
EX7WKU
A3V1AB
U49GKC
7PDYTH
7DCAIU
EECTI3
CIQASJ
I41NZ6
JNAXDJ
CIFCOK
UFQMN8
Q9CLCO
4FDUMZ
OM4DSK
YR5Z4H
58P6HY
GFZMB0
4ZPI0W
K2GA2V
8Y0C7C
2PE13K
8OJLTE
A76MNW
0WGXZ9
1J1IS9
YL3OEP
48VWJW
D8V6OI
P9AFWO
IKOYGG
LT43X7
MVBJCZ
6V7URD
GK4E07
JBSLYH
VAUKLY
VCRZYZ
MBK3PM
5GSHTS
8IZ91I
IMCTMO
C47NOC
TSKTRS
CVGXKN
D2S095
TYVAS5
YF3S3W
BD55NO
Z44WBC
IKQ5K4
68WFIM
GP26P6
6H23C1
ZOPAB1
F5UJO8
TDPL7X
VQOHN8
G1BBNB
CY1GZT
RRW5P0
GC5YWJ
6YILX5
D16FDQ
3DZMDA
UPJI8A
7260I3
IA86WQ
XG3ZQJ
PT071D
8WZ6O0
JKL0FM
MTO35S
UKTX4G
30A856
VCXA2G
JGQ590
EKH1SZ
LD90VH
X1F9P2
L9XE0P
0EXTDF
IJ7Y34
VMRH2A
PHFY8S
ZGUTHR
1DYOFK
A2OHO4
3VW5DX
MVGF37
8I9D3F
OF2VT0
53RBO2
3YMALU
D57J5V
5N8NVC
HA85FC
3TW6A4
YR9ZMN
P3SIHR
QL2WLD
Z6HQ86
Z5IQ4H
SCAC39
C938XL
TMCG0E
PNWQNL
XR3TA6
EXKYV3
X011KV
WK3X1N
T4QMX8
UB8Z93
MX30JB
LXNA8E
RQRG8N
ROD0GH
2JPT0K
8UX0VW
91Q9SR
96WVGA
3NORRT
XIUR3F
0WTJZ8
T5U6O9
B3NVV7
SEXNZ1
LIXQP9
KQRR1I
7QIPLL
SIYCM3
K927KP
Y306WQ
4E3WHI
3G9IIA
ANUBU0
TGK0WT
XMPG42
AA3GLI
1KHY22
VF6S0N
KHJM73
8YMIHS
A0EAZU
BRDCAH
5YNHMI
IUSGMR
7WSTN9
GIDQ3P
1FM03Z
MI04P7
0G40QY
CUS8AY
6YU9NK
92G32D
XJFFJ5
M61FBH
4WDZ33
0FOSYI
8BFDLM
ZQP63V
2NGRX8
C4VN2C
2WGCQ4
0WQ456
FBP4YE
JCCUG2
AUZSRK
240WDP
GL1TP3
5HQ6Q1
TB92G3
XPN8XD
SS2YJC
SB9IHO
AL05L4
V1Y3TI
Y2W1PH
36GCVQ
PQAGZV
D4GTQL
KBTRDU
03PX3F
MGYISU
TGHEU1
X02ZTY
VYFZK3
W962OR
H9X3CD
2SXGGE
YCYRIP
P6T3SI
C338V4
8QIMJ5
27X6PE
FUHXQG
WEN1XS
IS0BBB
IXE6FD
9XFBEC
71DB6K
5ETL5S
B5E83E
JODF2Q
VJBA07
VELH3W
Y2QSGT
PI0507
53T14O
FOCDWK
AFAJX4
J6LXGV
DKVPET
G3AVG8
1UO67G
OL56PY
GJZDV3
JHLPNI
TCMDOV
6R8SMV
SRCHJD
QQH33L
A39C6E
ERHR9W
9VC7UD
R8W40L
TDY8GB
JUB7FE
50LRI4
KRX6Y7
0NH2US
M3BPGH
91TZ3O
7LISLD
UY1BJR
WDKOM8
E2R5DE
0N8BAD
4YLW9F
QRR3UD
X06Q8D
PO1WPB
6XRI79
FX2FHX
L22NHO
Q9DQK3
JR9M37
D3PDQG
N48AJL
T0CVMT
P6KMYH
RSJ154
TV7ZJD
DL2TVM
CF5CCT
PDBYGZ
UN8POU
U3T01H
PRX1CQ
VVWVL2
E6DUQI
6Z6DXI
4TNA69
NNY3QI
C6X8WX
D2SMW1
I0E2GW
WWAHKO
ZTEAKC
QZEKC7
5KKUR9
MDITAA
9UJ390
L9W4DY
BKW9NF
A9L9CD
UL2SLU
6A83R9
YBG3FA
6RCIRZ
2I1YL0
VSSBXV
ESIFIY
05Q82K
X84YOA
W60HWI
D3W5XD
TSCBBV
8DIQ1H
CS9NKS
SKUKQM
BHG1C2
R33C81
WUI1K8
A03EVP
JYUHNW
WI3MG7
OIWOM7
H4L317
VQGN83
JHKBUS
6NIB2O
WDQE5D
2Y6LU0
V496TK
60XLRI
HMRMTM
XYSPRG
6NJM2L
TY86C7
MIXR0N
ZESFPG
13U76N
U94AEF
BYHVG9
3VR4J8
1U4IIK
044LNX
LGZY7B
JUELN8
UXJNF3
42T6IC
2CU7ZY
20S3LP
GN2C38
6JNHVP
FIC3YO
O8HPCU
C63MPA
XZIW0R
SOR5YF
BWRWC9
IVAP1S
J0P3XG
BJBLCD
7GQ12I
H7MAH4
E645PU
M4YMWB
J5WAE9
VC79VM
JBX7S9
YHYU85
GS6CUU
BDO7UO
32TQTC
82XDE7
U57EH5
Q9UMCP
FXOBWD
AD16DN
ZABSDC
2LC96S
WLPIH0
RRYC5G
9NDZE0
9158EG
79DZC0
QL33GN
MLBZRG
D70K91
K37RQC
ZHWFHK
6JL6T4
FS3Q7Z
W4TWYR
F4L77Y
8VMO9L
7LU5RY
WJO6G8
BFU9IQ
V450BO
X44PQ5
YLJMI6
RL9VZ9
JFIPHC
1RTY62
R6K3NN
O7OR68
IQ2ZXA
XSVZ0D
6AMLZ8
PEWWN4
V8AX7D
LVO24N
KAVA2X
FQNB8S
T8NV0Q
IR5PYM
WZ554S
LL69UU
V9DW1U
98W84E
RVXGH3
1XDD8H
ST5FL8
DR8QBE
GK5YRO
S6JUIH
PUZHUT
J36NU6
FMLQU4
GPYLA9
9VL3T1
PE06N8
1U3B6P
8KXOTH
QMID7A
X8BGBT
4LX0H3
JQ4EM9
15OYNM
UI7IAB
5BWLHZ
