ids
NSWIXS
NQGQCG
Y2341P
UUNSCA
T8NV0Q
30A856
5P2SZX
TX2024
U49GKC
VF6S0N
Q51CZT
6JL6T4
RRW5P0
GN0JLK
ZWBG7Z
5KKUR9
7QQLOZ
922BM8
RK4B9J
3TIC7R
33PHCF
V523JX
LBZ8RU
WDKOM8
MAPI47
KBCFC4
MGYISU
FOCDWK
CUKEIZ
6VI2SP
C1PM74
UI7IAB
IFBMYT
33C7QB
Q0UB2C
OVP1B8
GFZMB0
977RFO
T6L2KV
IBWGZR
XIUR3F
K6KTO9
0F8CWZ
KAS7YA
G8OILS
ECASJF
8XZHVY
FNGZRE
MHZPD7
8X66JZ
5ZT0CB
H64R06
BMYQJ8
XHY015
ST5FL8
CZBR14
CUBAED
GQXBVP
4K1WWL
91Q9SR
G3AVG8
2HR2D6
5ROYVP
V8AX7D
N8AFGT
WWAHKO
WAX07E
9FVNAB
A0EAZU
WU3ZRK
18GE64
K21HIL
1FM03Z
8DIQ1H
Q2DKB6
ABL1XK
10FVW7
8KXOTH
JHKBUS
Y306WQ
ZCOWT3
MDR9BC
HOELKU
RTUZUK
V6F4HW
JDP5T6
JUE9XP
K9SJDH
SS2YJC
KUOEHI
DE64UM
96WVGA
5HSVZA
QSLI7R
LIOYDE
8WZ6O0
13U76N
0YRCG4
EXKA0S
6J8D8Q
IV14ZY
1V8EBB
FL3DVS
BI1LF1
CY1GZT
MOY444
3LPWSP
8JXALH
IVAP1S
3YMALU
076E39
SEXNZ1
DEGFBM
N8KFU5
FW0F2M
6V7URD
PUZHUT
HRJ17G
B0A1WL
XRPI7G
MWA129
F4VPIA
LL69UU
CC84OF
LEAMKB
0NH2US
CQHJYG
81PSS5
XSTOE4
U662KB
83UOI4
VSSBXV
E5CC21
781QLG
4QRT8U
9RZQQA
GY5LZF
MIXR0N
384PA2
9WZFD1
ZBPAOV
UN55Y5
NF43PR
92ACPX
IJ7Y34
VCXA2G
YL3OEP
84F947
Q56L5Y
8A5TCS
7M61H8
9JRUMW
A9T8L1
HUIYGC
SPCHYI
TJOQL0
36GCVQ
ZNOAXG
KRTE3P
R82ATM
Z6HQ86
CRV6NM
4WDZ33
D5YM4U
OSCCEB
TZ4VKU
7R0E9J
8LLOQD
F2UYER
7FJAEN
FUHXQG
2YFUSB
LMGOVW
X7HXNW
I5JXN2
EECTI3
KY09Q0
0WTJZ8
BWRWC9
TG2AQ4
WR3RI0
MTO35S
S7YXP1
OT4EOH
VQGN83
JG0ZNV
6YILX5
50RMLG
E6DUQI
0GM09D
FS7SX2
R33C81
5HTX6B
HM3UR6
WQP5SZ
3ZCP47
9243LW
NI9HZM
HT4X71
C338V4
3878J3
SA2LRK
WA6WVA
4G9YUJ
Z8Z2GE
5GSHTS
OM4DSK
JELOYM
IQ2ZXA
VZ1HSX
L22NHO
OAKKH9
RL9VZ9
9POY01
CIFCOK
T80KD0
65TXXV
FABQ6B
9K0SOI
HLKGA8
RL4CU9
2J0KMN
0WGXZ9
D2SMW1
MLBZRG
Q9HDRK
H9X3CD
C7VZ1P
01FUWE
KPLHVT
4X9YKF
R1P1FA
YS1VGV
8YMIHS
9PSYMF
BXC5ED
BADOD1
XG3ZQJ
GL2HQM
230X46
IQ0IUX
ISH5CD
QOBUDT
3G9IIA
XAR3NP
UPJI8A
70OSSL
LG3953
BHG1C2
MLAQOE
QA2ILS
060QD5
6H23C1
9N9QK0
1OPSYF
2GC7YO
82XDE7
RNUTKT
1DYOFK
KVOZ3Z
DLLU5A
XE2OE0
YH5T8X
86U7KZ
AP1P22
9L5AED
6UQ1ZK
Y88BKL
I0ANMA
42T6IC
7GQ12I
3FXNZN
L9XE0P
94PQ2T
W98HB9
79TU33
WVJA1U
PY8O8H
9UJ390
5XBA67
0WQ456
QWZALP
3B69PM
9V5YRV
P0VQY5
ONMHZ9
XMPG42
4PM9PY
3U0OM4
FO58J1
7XFHLX
LBUYMZ
45L4SM
77KZ24
PRX1CQ
72MI1G
YWYPKG
14ROMS
ZZZ0GT
EXQWL2
0BTWTU
H6GPEZ
IUSGMR
G09OD4
TSKTRS
1CRUML
B62DMQ
YHYNSO
4E3WHI
ENWVHE
KP3296
ZQP63V
7QBXHQ
WJOMU6
1QZ2W9
URUECE
8Y0C7C
PF2PVP
X02ZTY
SZGB6B
NZJKTF
6QTA3U
W563OR
TEFESP
ATVFN8
UHWFXI
Q1JTH0
MGV14C
N3Y2KI
QRR3UD
K7F2ZV
5ADUX1
GK4E07
8ROCZF
B0Q8HD
XNX4EY
4ERJJ6
68T7VW
MLE1R8
ZKE8K8
WLI5X9
FFJ254
JUELN8
O5K7HH
TH74S1
IJHFLE
9XFBEC
BLC0AB
7W3C87
1WI931
6NJM2L
M4YMWB
UZT4UI
6J1GC7
XJFFJ5
JGQ590
FS3Q7Z
ZD6MZS
TV7ZJD
0N8BAD
R73GI2
QQH33L
LC7N5Q
PEWWN4
HC0YJT
MNINPL
1W2PF7
XRR9AO
ACCZA8
3O5BN8
JKL0FM
ERHR9W
R3NH2K
2SUU9Z
7DCAIU
Z164JF
OF2VT0
V0OVZI
D2S095
56NZY5
05Q82K
H4L317
HWLZKP
QL2WLD
5N8NVC
52CYZO
VVWVL2
DIC3QA
MAB2WB
S0BPRS
A3V1AB
25VIKL
7IO1HN
E5IY2T
D3W5XD
69EIMX
OIWOM7
GJZDV3
T0CVMT
F52JRQ
SZ6B14
QL33GN
REAZ89
IMCTMO
F3BIKI
3UEIT2
YWG2EP
1NZVNI
40XBN0
K0H5DN
MFLM2O
MBA3G1
P3SIHR
BRL878
I0PWP4
MNW2UP
YQUDX3
KBTRDU
9NDZE0
5GA790
4UTDDB
2MK53R
OL56PY
WK3X1N
SRZ3M2
D4GTQL
I3YNQD
KCN0O2
16YELX
C1GCCP
YUP9II
33D7WG
KCFG2F
MVGF37
CQ0NED
T5U6O9
ROD0GH
SI530O
OH7EH2
1XDD8H
W35A8M
O1CIFK
JYPWGM
PIEK9M
EYY4NU
X42K17
O38KBY
UZSX6M
1DUR00
S125EQ
V47PXX
YDMRLA
FMLQU4
9L3R3Z
ESIFIY
V1Y3TI
ZTMEE9
71DB6K
9IQHUM
0G40QY
WL5QMO
3VR4J8
12LRY4
33MG0O
KRX6Y7
A39C6E
4M73SR
Z4YJNP
7LU5RY
4WGNXP
0NJHZQ
VJBA07
Z8CP0R
044LNX
56P4BB
AUS4QO
SGEEQL
Y70TO1
SZMC4E
RVXGH3
6AMLZ8
1Q8GKB
AA3GLI
WJC86G
8YUCG1
885T41
7T1EW9
CSDYMY
V2QCMM
KJ5EAO
Y8VHIH
XSW7ZG
L3DDHC
095TGF
4FDUMZ
4FIFGG
U44279
IKOYGG
ANUBU0
PQAGZV
KNDGX7
O6UEIJ
GFV654
1DP728
P6T3SI
T4QMX8
1K2KZZ
80U8KY
3X1HPN
V4IC3F
I41NZ6
8I8QZD
P744X1
C7QMT0
GPYLA9
E3JLKC
V9VV92
C47NOC
27X6PE
X011KV
JYUHNW
FQNB8S
8DSIE3
B3NVV7
Y6ONRQ
P5OHRJ
R9REY0
MH1LKA
LGZY7B
Y3NPKA
EQUPR3
RXGU9A
KYWZ7N
FS9LW8
66KGAG
2N7AAS
JODF2Q
118RK2
EKWY4S
KRCW8S
FZL55K
VELH3W
UUSK1R
UM90XT
5BD3LR
FIC3YO
D70K91
TCMDOV
7WSTN9
XSWHMR
AJDRVO
H9R5ET
VKVU2T
3BVQ5K
6R8SMV
CLSZJC
0BNT80
TY9RQP
FBP4YE
U6G9EA
6B7AUF
M25Q22
PEYQ9Z
XFSM07
2I1YL0
64BEDG
AEWB71
NS21FF
ZUEQ42
D35K68
J9BL4S
0EXTDF
6N2N46
NB12D6
B9CQAD
NG3F32
DQE0YJ
A03EVP
PT071D
SAFUNF
JIC6MG
1PTL8P
D0KAO8
VP0FVG
BJBLCD
15315A
JBX7S9
7HM2Z5
53AHEJ
64HU13
NBJO6X
AYKH8N
87IQL6
ODLPXI
1KHY22
RW0OBO
FX2FHX
JO668C
JR9M37
RFOB1Z
DKVPET
MW0997
6RRVHD
VZ4LZ6
AJSXK4
XCBKCU
N48AJL
6BPW2O
5E3CK4
P6Q1DM
JCCUG2
U2QO1M
0FOSYI
XO4VOF
9WO7LI
RBO7EP
QU8NPA
UM3PXK
DD0S7M
5ELD9X
H7MAH4
O4QSFT
75VMH6
96BBH5
44BOBV
H8AW3E
W4TWYR
ZTEAKC
YR9ZMN
Y73L92
PD5IIL
MCSP88
