ids
SW77KE
1V8EBB
NDJYF1
YAU95H
3ZCP47
2CU7ZY
S52U06
92X34E
Q0UB2C
HR9FK4
92G32D
V5Q7TK
YUP9II
BO4WGB
FW0F2M
MFLM2O
YS1VGV
AJSXK4
P744X1
VAQUUW
BHG1C2
YP57PI
UZT4UI
OV9JPS
KP3296
05Q82K
R8W40L
9WO7LI
WI3MG7
VO6ZUP
RXGU9A
VAUKLY
RTUZUK
HWLZKP
I41NZ6
53AHEJ
ZGF2TZ
9K0SOI
0ZG8I4
ZD6MZS
1LZFIK
VP0VFU
KJ5EAO
WS1TS2
G3AVG8
9JRUMW
8JWL2R
862X02
6GBKL1
80U8KY
Z1ZUKT
KRX6Y7
8Y0C7C
DI9VHW
MVBJCZ
JDP5T6
9V5YRV
87IQL6
EAAWYL
BADOD1
9DHV36
0LH3B5
Y88BKL
ISH5CD
5ETL5S
68T7VW
SAFUNF
ERHR9W
PFXON9
RT1MH6
GQU4SE
L9XE0P
OYU03J
XYN360
Z8Z2GE
4FDUMZ
8BFDLM
FS9LW8
3GEHAJ
1OPSYF
UM3PXK
A9L9CD
TY86C7
PDBYGZ
LT43X7
GFZMB0
56NZY5
4UTDDB
PMFI0E
H7MAH4
JO668C
ESIFIY
Q2YYWV
X84YOA
885T41
6J8D8Q
GLTV85
BD55NO
3FXNZN
ZESFPG
A0EAZU
16YELX
FWOZZ1
FS3Q7Z
MOBVBC
BH5JHL
WLPIH0
IP8H1X
3UEIT2
2HUY2I
5C8YU7
96BBH5
MOY444
JNAXDJ
076E39
HZAOA9
UUSK1R
OH7EH2
WUW1GT
F8IJWM
FOQW0F
B9CQAD
BKW9NF
KSA0KZ
KAS7YA
K0H5DN
MW0997
SRCHJD
CLSGLL
G09OD4
O6UEIJ
BNC0GU
5ELD9X
X02ZTY
P6KMYH
5P2SZX
30A856
AC6WUN
U3QWTG
52LN24
MNINPL
H9X3CD
8ROCZF
ETGDV4
GCV6BV
ENWVHE
0XP18U
8UH6BK
HC0YJT
HOELKU
V450BO
0WGXZ9
6XRI79
XSW7ZG
4X9YKF
VQWLBO
20S3LP
OM2AZD
OL56PY
4M73SR
JYPWGM
P5OHRJ
V2QCMM
5FLAAX
6YEMS7
RFOB1Z
XI99CY
YR5Z4H
B9LAHH
HM3UR6
X8BGBT
G1BBNB
9UJ390
3260HM
WK3X1N
UI7IAB
8YMIHS
F2UYER
0NJHZQ
CUS8AY
Q9UMCP
O7OR68
AEN29Z
15315A
1DYOFK
JYUHNW
N36HNB
VQOHN8
LD90VH
X011KV
JFIPHC
JM3CN4
CGNPSR
16POZQ
ZTEAKC
2I1YL0
OAKKH9
N8AFGT
DZOE3P
F3BIKI
2DRVCT
IJ7Y34
EDRQ3M
Z44WBC
SRZ3M2
MLAQOE
U06C68
QZEKC7
781QLG
GN2C38
DPDDIH
4E3WHI
PRWVE9
XKODWK
AEB0B5
04DT43
KYWZ7N
2RKT5S
GS6CUU
CIFCOK
V31M3H
2HX0YG
JFYWNC
0FOSYI
YLVP2C
NJ9442
4Q2CW1
2Y6LU0
K21HIL
REAZ89
WEN1XS
L3JFGX
PHFY8S
4RCM4K
HVMXGZ
3YMALU
OIG46P
JHKBUS
1O4PQQ
DU2WPI
UFQ889
R82ATM
6HWN0L
UXJNF3
TDPL7X
XGGACZ
PD5IIL
I0PWP4
7WSTN9
RK4B9J
EPOZCL
3TW6A4
7T1EW9
P1MXGZ
9WZFD1
TJOQL0
N9NIRT
25R4NC
TEFESP
KNDGX7
5ROYVP
S25BL7
QJLYCF
T4QMX8
C46LR1
W7U1PX
RYX2EQ
4GXFV7
LXU75A
62TC0B
AA3GLI
RCVJ0T
CSDYMY
UVMZW6
YO5UIV
4PM9PY
BRDCAH
14ROMS
C7VZ1P
LMPJN0
UFCGFE
J1HADE
CLSZJC
ANUBU0
SHQ230
H3T1XO
6V7URD
J8HRXY
NS21FF
FONBA3
M2KL4C
TB92G3
2SXGGE
M3BPGH
GYWXMB
NFEH33
BFU9IQ
MX30JB
RSVM45
0IOB07
TY9RQP
QST4AD
AL05L4
MTO35S
X192U6
F5UJO8
U662KB
1DP728
XSTOE4
CC7PCK
KRTE3P
I0E2GW
XRR9AO
U5WGQX
D61T8N
WGQLMQ
1APHBF
36GCVQ
LIXQP9
7XFHLX
6J4TDI
DFV4BB
3AIJA3
MVGF37
4PYLXP
UM90XT
7W3C87
XRPI7G
50LRI4
7GQ12I
LL69UU
EECTI3
T5U6O9
BVZY8O
91Q9SR
1DVA15
UPJH6E
977RFO
9FVNAB
QSLHWU
QUWV83
J85PT8
7LISLD
B3NVV7
KSLLON
VELH3W
I8ZPED
33MG0O
MAPI47
1WI931
5HMR69
P3SIHR
X44PQ5
77P2UY
W5JY3X
D9H6PO
SG1QXY
DIM0LG
AUS4QO
5GA790
UUNSCA
LEJMCZ
JBX7S9
W1MGA1
384PA2
C6A7QX
HRJ17G
NIJVMQ
5XBA67
0BY2WC
JZYOEQ
UXTZFI
0ADZ9W
FLO8WI
5HSVZA
77KZ24
JAPN5M
QU8NPA
E6PNFC
WWAHKO
DRL0Q0
HMRMTM
WQP5SZ
HLKGA8
4ZPI0W
1X44WK
BMYQJ8
Y2341P
ZOPAB1
09SYAD
KBCFC4
A2WYN5
QRR3UD
GQXBVP
AQ1QM0
P6T3SI
5KHGBC
YRP9CS
6RCIRZ
1UO67G
6ETE8H
TVDP1V
ZPJ42S
J6LXGV
R73GI2
C7QMT0
4GC7KI
WJOMU6
12XHSD
PO1WPB
JODF2Q
GNX0G3
118RK2
70OSSL
W98HB9
V1Y3TI
1K2KZZ
NZJKTF
KF4NTZ
3LPWSP
MXJL5L
JUELN8
TCTTIA
MDITAA
Q17KVU
GJZDV3
HUIYGC
BVIJLZ
R3NH2K
WSZWZR
FFJ254
4ERJJ6
W0VY5N
ZEGPBW
IUSGMR
ZUEQ42
LPM95G
1U3B6P
DM3NAU
9TQ5LO
0N8BAD
E2R5DE
K7F2ZV
NQGQCG
FBP4YE
53T14O
ALENQG
E4AEOK
8XZHVY
5BWLHZ
XAR3NP
C4VN2C
PRX1CQ
VL6WIU
K3O76W
5J27IG
TDY8GB
H64R06
6N2N46
N9EBBW
BZJUA9
Q51CZT
ZWBG7Z
C6X24T
1RTY62
IBWGZR
Q1JTH0
ZAM4CF
RJ68SQ
VSSBXV
MBEFPX
2XUWNM
IMCTMO
DZNW4O
2J0KMN
GFQQWC
9V3PYJ
YDSA7B
7JL9A8
5N8NVC
AHBI71
0YRCG4
9IQHUM
F8O0K0
7WNY4G
0069AH
S0BWPT
D2SMW1
3U0OM4
HH4SN3
2JPT0K
1J1IS9
97090T
1II4O1
C50M45
A76MNW
E49GSM
17XI12
YLJMI6
4QRT8U
W5KMKH
HA85FC
4KZGQ0
2UVBUF
9L5AED
74V8HT
YHYNSO
TX2024
H6GPEZ
5HTX6B
8I8QZD
Q9CLCO
60XLRI
O1CIFK
1FDE11
W60HWI
LEAMKB
LYY1UT
8YEXPT
TKCDLW
XZIW0R
YFPDWQ
LIOYDE
XZ09WS
URUECE
PT071D
QL33GN
Y9ZFF4
FMLQU4
09818D
MLE1R8
QMID7A
AJDRVO
M25Q22
TYVAS5
2WGCQ4
GVZ75T
0G40QY
2GC7YO
GLAXRC
324OWU
OTTBPN
9SLAQB
YG02FL
IKQ5K4
69EIMX
7V8SM7
B0A1WL
X2T4P3
C1GCCP
JCCUG2
139POA
1CVKUB
R1OH6S
0F8CWZ
FIC3YO
SS2YJC
FX2FHX
3S2QUU
YHYU85
LBUYMZ
W2R5X5
CC84OF
GBUSE0
AYKH8N
K2GA2V
K927KP
NCLHA4
ODLPXI
LG3953
MH1LKA
JR9M37
KCFG2F
59HPT0
FO58J1
1U4IIK
0SAV1E
UUHYY8
8YUCG1
Y73L92
8QIMJ5
GW4PYF
VXDBV7
358FH8
WROXGU
EN4YQF
G2X9J4
351KDW
MPO0RH
D3W5XD
TH74S1
X7HXNW
OHM5TX
D5YM4U
WQ7RJM
JKL0FM
UFQMN8
H8AW3E
NPNSMB
Y67VYA
W962OR
JBSLYH
X125VU
AB30SM
2SUU9Z
SCAC39
DD695Q
2YFUSB
YQUDX3
WU3ZRK
SB9IHO
SVFSTR
ABL1XK
TZ4VKU
13U76N
J5WAE9
2ZMJ6C
ZXFM38
JEEPNH
V523JX
KW6DCR
U6PUPR
1NZVNI
25VIKL
Y70TO1
2HR2D6
58P6HY
QSLI7R
IQ2ZXA
YK4KTZ
F8AXZB
CCO57P
7QBXHQ
Y2WFWH
3NORRT
OM4DSK
JUB7FE
