ids
MNINPL
QSLI7R
3260HM
IP8H1X
K7B4YU
23US2I
CRV6NM
94PQ2T
0BTWTU
QDI5NN
Y2341P
RYX2EQ
W98HB9
IA86WQ
53AHEJ
IHW3M2
YDSA7B
P6Q1DM
YS1VGV
FOBM63
XHY015
25R4NC
XG3ZQJ
A3OMCL
09818D
1DVA15
E6PNFC
PBE0AM
HYZPDJ
9WO7LI
NRV5XH
M3BPGH
EQUPR3
240WDP
9GKWO4
KNDGX7
ACCZA8
A2T0EB
PUZHUT
ZUEQ42
XGGACZ
WUI1K8
IR5PYM
DIM0LG
KP3296
OAKKH9
6RRVHD
V6F4HW
MVBJCZ
2SXGGE
3NORRT
1X44WK
73J79E
IIYN8U
A76MNW
7HM2Z5
3LPWSP
LVO24N
H8AW3E
DD695Q
LBUYMZ
8QIMJ5
R9REY0
UFQ889
CF5CCT
BVZY8O
W35A8M
LL69UU
TGHEU1
QWZALP
J8HRXY
TMCG0E
K0H5DN
49KEEG
QCRR2U
2HX0YG
WJO6G8
QMID7A
977RFO
3F8KRI
JAPN5M
04DT43
BHG1C2
14ROMS
XYDRBQ
Y0LPNC
MLE1R8
95HSEC
W5KMKH
9CD6NT
LIXQP9
2XAPQR
2ZMJ6C
6AMLZ8
BKW9NF
GL1TP3
N8KFU5
YO5UIV
I0E2GW
WROXGU
6NIB2O
0139FS
U96OA5
7LU5RY
3UEIT2
YWYPKG
5P2SZX
XE2OE0
K9SJDH
YHYU85
68T7VW
DL2TVM
5E3CK4
UHW0R0
1WI931
6J8D8Q
E9W7KQ
60XLRI
AB30SM
EAAWYL
G472R9
C46LR1
WDKOM8
H2SYCW
VQWLBO
2J0KMN
P9AFWO
CLSZJC
TZ4VKU
Z8CP0R
X1F9P2
65TXXV
1PTL8P
KW6DCR
DRL0Q0
F52JRQ
O1CIFK
PO1WPB
8YMIHS
MGE8J5
VJBA07
5YNHMI
66KGAG
RBO7EP
YQUDX3
X02ZTY
GOT1Q8
07DBZD
8UH6BK
WY6RW7
UXTZFI
R6K3NN
AHBI71
1XDD8H
6HY4WV
2MK53R
AM9U0S
O6UEIJ
AC6WUN
U3T01H
KSLTLQ
CSDYMY
MCSP88
03PX3F
M61FBH
OVP1B8
J0P3XG
IJ9RIQ
1FDE11
97090T
R1OH6S
50RMLG
PD5IIL
UPJH6E
BJBLCD
AYKH8N
DU2WPI
YGGLTY
B9LAHH
GY5LZF
G09OD4
RL9VZ9
AEWB71
KX1MEO
79TU33
7IO1HN
Q6L8XX
RQRG8N
RL4CU9
N9EBBW
19H2RP
SMD87Z
AL05L4
Q2YYWV
ETGDV4
ISH5CD
ECASJF
V0PJCH
CE1YVD
36GCVQ
AA3GLI
WSZWZR
BLESPI
70OSSL
E1JA1M
PHFY8S
SHQ230
8JXALH
3B69PM
UN55Y5
TEFESP
78G3HG
W1MGA1
KTORVI
102L0Q
7XFHLX
0WTJZ8
3ZCP47
FUHXQG
JBX7S9
YHYNSO
CLSGLL
ZBPAOV
OT4EOH
17XI12
U94AEF
PQAGZV
UN8POU
8BSFWL
SS2YJC
Y73L92
RFNMSP
O4QSFT
6YU9NK
G5FVYO
NQGQCG
X7HXNW
O28GGT
U3QWTG
EZFVK2
V9DW1U
5GA790
VQOHN8
Q9DQK3
WVKC41
1CRUML
LV9V1E
1QZ2W9
WVJA1U
92G32D
JQVZPQ
4WDZ33
UUSK1R
FVKKZK
IJHFLE
Y7ZAOQ
M4YMWB
XSW7ZG
ZOPAB1
0LH3B5
P6KMYH
JODF2Q
D70K91
SKUKQM
N48AJL
5HSVZA
CK9HO2
E8ZL10
3S2QUU
OKXLHO
BN9TJU
SI530O
R62YIH
WH0SON
DE64UM
E4AEOK
6HWN0L
BYHVG9
GHAK2H
I41NZ6
2WGCQ4
8WZ6O0
64BEDG
3GEHAJ
QST4AD
FFJ254
KQRR1I
XFSM07
U5WGQX
PF2PVP
8BFDLM
NSWIXS
X8BGBT
GQU4SE
YL3OEP
XRR9AO
KF4NTZ
HC0YJT
AEB0B5
Y67VYA
F4VPIA
T80KD0
Y88BKL
6CHYB2
AUS4QO
0WGXZ9
GFQQWC
53LSPJ
H4L317
VZ4LZ6
SG1QXY
8KXOTH
9UJ390
WUW1GT
PFXON9
FFQT8C
9L5AED
I2AZ06
50LRI4
D30MET
M2KL4C
1FM03Z
R32WTS
ERHR9W
5IAON7
I3YNQD
EXKYV3
ZQ7HJX
2YFUSB
MDR9BC
8MBD9S
D9H6PO
UCNTO8
NG3F32
RCVJ0T
6JNHVP
7GQ12I
VO6ZUP
56NZY5
ENWVHE
0SAV1E
33D7WG
9243LW
20QL99
KAVA2X
7V8SM7
05Q82K
H9X3CD
Q9HDRK
W5JY3X
Q2DKB6
ZEGPBW
1IW0BC
0RXFW1
5BWLHZ
LC7N5Q
2N7AAS
WFYTEI
AUZSRK
B1IVX4
7WSTN9
6YILX5
D16FDQ
1WIEX7
EYY4NU
H7MAH4
QQCUFC
7QIPLL
P3SIHR
Q6WMCP
SWED10
KSLLON
XZ09WS
0ADZ9W
F2UYER
16YELX
ESIFIY
4QRT8U
QMHR2R
4Q2UCP
XR3TA6
O7OR68
Z97W6J
VYFZK3
K927KP
91TZ3O
68WFIM
7QQLOZ
FS7SX2
VCRZYZ
1K2KZZ
IKOYGG
HZAOA9
FCT7AL
ZTEAKC
LGZY7B
A2WYN5
IHTNW5
77KZ24
JFYWNC
A03EVP
D4QODF
F3BIKI
076E39
Y70TO1
5N8NVC
E6DUQI
L9W4DY
Z6HQ86
KAS7YA
BWRWC9
QW5QOG
XI99CY
4RHYNC
S94SF3
9SLAQB
RNUTKT
OIG46P
HUIYGC
O7WBI8
1VS9QF
5AOUDD
U6PUPR
VH42ZZ
5Z0WT4
2NGRX8
Z7C1RY
8I9D3F
JUELN8
1DYOFK
Z4YJNP
UL2SLU
EU9KM9
VU6JZQ
0GM09D
J5HOLR
YLVP2C
HM3UR6
KBUB4R
1Q8GKB
XO4VOF
0JNPQD
UPJI8A
BDO7UO
ORR36N
BRDCAH
GNX0G3
RH19CW
M25Q22
6O5XSO
3878J3
TH74S1
Q6B4XS
N36HNB
RTUZUK
AYQ9SS
9IQHUM
9GDD81
SIADUL
I5V6FG
YJWJLV
4FIFGG
WF9J91
QRR3UD
T0WOJK
D4GTQL
MOBVBC
IV14ZY
Q1JTH0
XSTOE4
56P4BB
0069AH
QUWV83
JO775E
YG02FL
FWMII2
YR5Z4H
U64T09
SZ6B14
A3V1AB
WLI5X9
4WGNXP
JG0ZNV
BZJUA9
Y78KD5
K21HIL
TYU8HO
TSKTRS
N8AFGT
5C8YU7
5ROYVP
JDP5T6
TCY2WB
XAR3NP
33PHCF
UBT2B9
L6SISK
4PYLXP
5FLAAX
5KKUR9
5HMR69
ICU1EW
0NH2US
BRL878
TJOQL0
Z1DLJQ
CQHJYG
7YL6PC
CR8EEM
WZ554S
EKWY4S
TX471Q
WTHUBT
NI9HZM
UFQMN8
W1PR17
TG2AQ4
3ZQXA0
BFU9IQ
K3U619
9DCTS6
40XBN0
ZESFPG
82XDE7
CZBR14
IMCTMO
ATVFN8
2ZFY63
S125EQ
74V8HT
9POY01
LTLPN2
6JL6T4
0BNT80
VMRH2A
UHWFXI
CX8B8Z
KUKFI7
T5JOFW
6A83R9
P8B8DQ
PRWVE9
ZXFM38
IBWGZR
ZH4JWZ
PCEGAJ
W563OR
3VR4J8
YK4KTZ
384PA2
EJER1R
C938XL
JR9M37
1LZFIK
EKH1SZ
TCMDOV
VSSBXV
4GXFV7
IJ7Y34
XAOIF7
RT1MH6
9PSYMF
N6ABEV
D57J5V
AEN29Z
K3O76W
1CVKUB
FIRT80
J6LXGV
E2R5DE
NB12D6
ZZZ0GT
P6T3SI
BI1LF1
JFIPHC
FGWP0G
KVZQK0
FXOBWD
OL56PY
C7VZ1P
076RR7
RXGU9A
BFRKF9
DD0S7M
4G9YUJ
MBA3G1
EXQWL2
P5SI4F
4UTDDB
5XBA67
ABL1XK
0IOB07
4Q2CW1
12LRY4
S7YXP1
BMYQJ8
D53MT3
A39C6E
HDXW1X
10FVW7
Q17KVU
ZCV2NM
18GE64
LYLO05
MBEFPX
PRX1CQ
J7CY61
0ZG8I4
5J27IG
L3JFGX
8DSIE3
E5IY2T
DIC3QA
MPO0RH
TY9RQP
1O4PQQ
GC5YWJ
YCYRIP
GKLMVM
ZHWFHK
1OPSYF
2HR2D6
