ids
YWYPKG
IXE6FD
VQWLBO
52LN24
977RFO
OH7EH2
33D7WG
6ETE8H
CGNPSR
XI99CY
O1CIFK
862X02
W7U1PX
CUS8AY
XSVZ0D
I41NZ6
IJ9RIQ
060QD5
QL2WLD
JUE9XP
Q56L5Y
TJOQL0
09SYAD
UXKV0C
4GXFV7
2CU7ZY
8WZ6O0
1LZFIK
8I9D3F
2MK53R
ON5X9M
O8V5M0
XPN8XD
7IO1HN
AJDRVO
XGGACZ
Y73L92
GK5YRO
7Z7GKO
XAOIF7
PRWVE9
64BEDG
4FDUMZ
WSZWZR
ODLPXI
JODF2Q
X44PQ5
HR9FK4
5ADUX1
GYWXMB
VL6WIU
3UEIT2
6JL6T4
R6Y8LP
9VZQ6F
7WSTN9
Y2341P
7W3C87
WLPIH0
KPLHVT
2N7AAS
TX2024
D3W5XD
AEB0B5
DT6VJ9
XYSPRG
BD55NO
3TIC7R
E2R5DE
UZT4UI
837JQB
1KHY22
ZBPAOV
8OJLTE
LEJMCZ
A76MNW
A9L9CD
DL2TVM
IS0BBB
5HQ6Q1
Y3NPKA
U44279
F8IJWM
33PHCF
5J27IG
U6G9EA
5E3CK4
SKUKQM
D1PA67
SA2LRK
1IW0BC
JAPN5M
XRJ0H5
U96OA5
ENAEBK
I0PWP4
GOT1Q8
C6VEGY
4QRT8U
BX3ID6
Q0UB2C
GFV654
KVZQK0
LC7N5Q
MXJL5L
PCEGAJ
9V3PYJ
UBT2B9
FQPX72
MH1LKA
1U3B6P
6YU9NK
TDFXX1
9JRUMW
JUB7FE
VCXA2G
N6ABEV
3O5BN8
0NH2US
Y67VYA
KVOZ3Z
MCSP88
CE1YVD
FNGZRE
CIQASJ
8A5TCS
K7B4YU
W98HB9
6CHYB2
ZKE8K8
EZFVK2
Z7C1RY
AL05L4
20QL99
9I4Q4T
UZSX6M
LEAMKB
N3Y2KI
KAVA2X
FW0F2M
HDXW1X
MTO35S
RVXGH3
CBDXF8
LVO24N
6V7URD
1J1IS9
Q6B4XS
EXKA0S
U662KB
20S3LP
G8PHEQ
E1MAAG
4UTDDB
K6KTO9
D70K91
1WI931
YP57PI
KCN0O2
QUWV83
I0ANMA
C4ZXA5
OSCCEB
8QGRSO
UN8POU
940ZMY
V450BO
SOR5YF
G472R9
YR9ZMN
RJ68SQ
KBTRDU
49KEEG
G09OD4
MNW2UP
UXJNF3
2I1YL0
UFQ889
3LPWSP
X2T4P3
X02ZTY
77P2UY
53AHEJ
N8KFU5
7QBXHQ
4Q2CW1
FL3DVS
AP1P22
0ADZ9W
Y6ONRQ
V9DW1U
6H23C1
UP5NLN
1UO67G
GPYLA9
50LRI4
FZL55K
AXXYP7
LMPJN0
QRR3UD
G3AVG8
384PA2
6J8D8Q
ZOPAB1
UPJI8A
KRCW8S
5YCYNE
Q2YYWV
4Q2UCP
Q9HDRK
BAC2AF
1OPSYF
9WO7LI
C63MPA
TY9RQP
OM4DSK
ZNOAXG
TVDP1V
ALENQG
N2QWMH
HC0YJT
E1JA1M
4X9YKF
1DVA15
ZGUTHR
4A1T2F
LC19QE
9FVNAB
885T41
A3V1AB
4SAQ1J
YHYU85
TZ4VKU
KJ5EAO
V523JX
CUKEIZ
80KPO7
78G3HG
BADOD1
GCV6BV
KBPP70
3ZQXA0
ZYAM5P
IVQCQF
Q17KVU
8DSIE3
15315A
N48AJL
VAUKLY
Z8Z2GE
WQP5SZ
D5YM4U
YZNYKU
3RN4NY
7LU5RY
0RXFW1
2SUU9Z
P6Q1DM
0BY2WC
ZWBG7Z
7U2BHB
ROD0GH
PO1WPB
8Y0C7C
MLAQOE
NG3F32
I2AZ06
9DCTS6
UUSK1R
GBUSE0
WL5QMO
HVMXGZ
M1P60Y
T0WOJK
Z5IQ4H
Q9Q06N
30A856
N9EBBW
ZPJ42S
9V5YRV
BN9TJU
14ROMS
E6DUQI
JFYWNC
YDMRLA
ICU1EW
VKVU2T
U94AEF
69EIMX
5GSHTS
LT43X7
AMVPX0
ZAM4CF
DZOE3P
WU3ZRK
79DZC0
LYLO05
R73GI2
358FH8
POLN6G
RT1MH6
Z6HQ86
9GKWO4
VQOHN8
JZYOEQ
J5WAE9
10FVW7
53RBO2
YLVP2C
MVGF37
N9NIRT
53T14O
3NORRT
VCRZYZ
RVL51L
P9AFWO
PVLRKN
ZZZ0GT
1FDE11
KUKFI7
BMYQJ8
M3BPGH
MGV14C
R32WTS
Y78KD5
Q2DKB6
5AOUDD
P6KMYH
GR7J04
1O4PQQ
MFLM2O
GNI36Z
TDY8GB
D3PDQG
6UQ1ZK
D30MET
8BFDLM
J6LXGV
45L4SM
3ZCP47
JBX7S9
KBUB4R
RWNLL4
YDSA7B
1CRUML
2Y6LU0
9L5AED
LIOYDE
S6JUIH
GNX0G3
FUHXQG
GL1TP3
B9CQAD
5Z0WT4
EXKYV3
KSLTLQ
1V8EBB
OM2AZD
WROXGU
QST4AD
KRX6Y7
S25BL7
MHZPD7
G8OILS
1QZ2W9
0G40QY
DQE0YJ
GY5LZF
Q9CLCO
1Q8GKB
Z8CP0R
6YEMS7
MX30JB
FS7SX2
QW5QOG
9WZFD1
A2N0PS
EX7WKU
FBP4YE
IFBMYT
L9XE0P
56NZY5
W1PR17
9VC7UD
BRDCAH
3X1HPN
HRJ17G
HLKGA8
WG3MIE
VC79VM
RBO7EP
5ELD9X
UL2SLU
LTLPN2
FS9LW8
XUO6MV
4M73SR
2RKT5S
3GEHAJ
JVOX3F
VYFZK3
5YNHMI
C8B97R
RRYC5G
4WDZ33
YG02FL
FFQT8C
E4AEOK
C47NOC
K3Y8SF
BRL878
15OYNM
SEXNZ1
FOQW0F
4PYLXP
T6L2KV
VU6JZQ
U6BBKL
5KKUR9
7DCAIU
20G2RE
OIWOM7
IYYFJQ
FW19EW
U3QWTG
2UVBUF
0BNT80
FCT7AL
1PTL8P
RSVM45
4GC7KI
P3SIHR
CTDP09
XCBKCU
KSLLON
J36NU6
9VL3T1
YS1VGV
84QHWJ
50RMLG
QDI5NN
DFV4BB
2S0E5L
HT4X71
SI530O
R62YIH
YL3OEP
5BD3LR
7FJAEN
ST5FL8
4ERJJ6
JUELN8
18DRG6
DU2WPI
PUZHUT
BVZY8O
JKL0FM
ZTMEE9
2Z41C0
6GBKL1
1II4O1
YQUDX3
JG0ZNV
BERWJQ
AUS4QO
PF2PVP
6Z6DXI
44BOBV
97090T
XMPG42
KF4NTZ
RNUTKT
KUOEHI
TY86C7
Q9UMCP
V4RJXI
42T6IC
230X46
V2QCMM
SIYCM3
CS9NKS
GQXBVP
XRPI7G
5MEDFG
ETGDV4
0FOSYI
NRV5XH
H7MAH4
6B7AUF
60XLRI
ZQP63V
JM3CN4
C7QMT0
T4QMX8
GIDQ3P
DLLU5A
ZUEQ42
0ZG8I4
W4TWYR
8BSFWL
FONBA3
9N9QK0
9DHV36
EKH1SZ
W563OR
2WGCQ4
CZBR14
U2QO1M
4WGNXP
WZ554S
8ROCZF
S0BWPT
WA6WVA
IJ7Y34
HOELKU
IIYN8U
F5UJO8
2HX0YG
33C7QB
PP167U
9POY01
BVIJLZ
1FM03Z
BDO7UO
QCRR2U
D2SMW1
OTTBPN
G3KBTC
64HU13
FIJHAT
U49GKC
VMRH2A
PNWQNL
0JNPQD
WAX07E
4D6UBX
9ZUHRI
PMFI0E
80U8KY
GFZMB0
C46LR1
GJZDV3
OHM5TX
Q8C69R
EJER1R
6NJM2L
LD90VH
ZHWFHK
0WGXZ9
O7OR68
P8B8DQ
U57EH5
TPHN9K
QSLI7R
3VW5DX
AQPHLG
GS6CUU
B0Q8HD
6AMLZ8
Y2WFWH
SMD87Z
GW4PYF
DIC3QA
D4QODF
5HTX6B
VO6ZUP
36GCVQ
9NDZE0
4E3WHI
VH42ZZ
O38KBY
CVGXKN
1TP36D
V0OVZI
5XBA67
Z1DLJQ
DPDDIH
KTORVI
CQ0NED
WT9FHC
3AIJA3
CV18CV
CQR8D5
4UPXNU
IHW3M2
PD5IIL
V9VV92
AHBI71
Q51CZT
LG3953
EWJZUQ
PIEK9M
94PQ2T
Q1JTH0
ZK7HUS
6RCIRZ
XIUR3F
XSTOE4
OYU03J
4KZGQ0
AD16DN
DIM0LG
6EMA2B
RDID72
8JWL2R
J9BL4S
R33C81
FMLQU4
0QE4HE
SAFUNF
Q9DQK3
UB8Z93
AD6BM2
JYUHNW
D35K68
781QLG
JHLPNI
KAS7YA
UAAXGA
TX471Q
V5Q7TK
BJBLCD
UHWFXI
Z4YJNP
HYZPDJ
01FUWE
WUI1K8
