ids
HM3UR6
JG0ZNV
6VI2SP
EXQWL2
4SAQ1J
5GA790
9TQ5LO
C8VH2B
MHZPD7
G2X9J4
8MBD9S
VQOHN8
0ADZ9W
ODLPXI
CS9NKS
ENWVHE
JE6TPO
8WZ6O0
2GC7YO
UBT2B9
D86RVG
E3JLKC
XSW7ZG
50LRI4
AEWB71
V0PJCH
240WDP
4PYLXP
GN0JLK
ENAEBK
KYWZ7N
SIADUL
R73GI2
NS21FF
25VIKL
U6PUPR
CZBR14
FXOBWD
V523JX
CQ0NED
8KXOTH
KPLHVT
GGLWDN
3FXNZN
VGXPMH
V4RJXI
NF43PR
3878J3
7YL6PC
TY9RQP
R62YIH
GKLMVM
G9MEIU
27X6PE
BFU9IQ
FS3Q7Z
GZPA2P
BXC5ED
CLSGLL
LC7N5Q
EN4YQF
P6Q1DM
DPDDIH
H69EMW
0WQ456
0NJHZQ
79TU33
AL05L4
GR7J04
5HMR69
WA6WVA
UUNSCA
CF5CCT
YLJMI6
TJOQL0
4C2WM1
AUZSRK
GL1TP3
837JQB
Q51CZT
TY86C7
2NGRX8
RVL51L
E645PU
4GUYLW
6CHYB2
X8BGBT
AB30SM
KF4NTZ
UFCGFE
C46LR1
YG02FL
XNX4EY
VC79VM
X44PQ5
EXKYV3
W563OR
WG3MIE
WK3X1N
OSCCEB
SI530O
4YLW9F
KXS4XL
GNI36Z
A0EAZU
TX471Q
79DZC0
8XZHVY
OY08GZ
WTHUBT
5T4WJF
5ZT0CB
3F8KRI
LBL5OF
0JNPQD
3X1HPN
NB12D6
B5E83E
MOY444
VU6JZQ
RNUTKT
JIC6MG
6H23C1
48VWJW
XFSM07
9GDD81
UY1BJR
YQUDX3
MI04P7
Y7ZAOQ
FS9LW8
IA86WQ
WI3MG7
RSOZBL
I8ZPED
UVMZW6
PT071D
QA2ILS
7QQLOZ
HOELKU
5HTX6B
TB92G3
68WFIM
WJC86G
40XBN0
6J8D8Q
A03EVP
50RMLG
MLBZRG
JZYOEQ
JUB7FE
NQGQCG
V0OVZI
YFPDWQ
441AMF
0NH2US
0MMPBY
RDID72
A2OHO4
ZNOAXG
6HY4WV
DI9VHW
17XI12
ISH5CD
MDITAA
U96OA5
23US2I
Y73L92
0LH3B5
TCTTIA
AQPHLG
XG3ZQJ
O6DJTN
SZGB6B
79NM8W
1QZ2W9
1KHY22
OAKKH9
7FJAEN
U57EH5
8Y0C7C
1NZVNI
XZ09WS
8DSIE3
14ROMS
9JRUMW
P9AFWO
U6G9EA
OIG46P
G8OILS
041TBE
JYPWGM
XRJ0H5
U49GKC
2SXGGE
2DRVCT
FABQ6B
W2R5X5
HT4X71
XGGACZ
FQPX72
20S3LP
LXNA8E
6UQ1ZK
CC7PCK
O1CIFK
QJLYCF
YWG2EP
HV470A
N36HNB
R9REY0
D8V6OI
8A5TCS
TGK0WT
82XDE7
5C8YU7
07DBZD
WLPIH0
NG3F32
4WDZ33
EQUPR3
E5IY2T
1DVA15
LVO24N
6HWN0L
W60HWI
IKOYGG
SRCHJD
GFV654
7IO1HN
2HX0YG
WJO6G8
POWC1S
YL3OEP
RFNMSP
JUELN8
S0BWPT
UB8Z93
DRL0Q0
KY09Q0
X27HPL
UFQMN8
0PGPQI
70OSSL
2PE13K
MIXR0N
75VMH6
0RXFW1
80KPO7
CLSZJC
S7YXP1
68T7VW
HUIYGC
ZYAM5P
YUP9II
GOT1Q8
3G9IIA
IHO22M
WLI5X9
83UOI4
MCSP88
6YEMS7
Y78KD5
SPCHYI
0BNT80
PP167U
GC5YWJ
4FDUMZ
44BOBV
K2GA2V
GJA732
73J79E
XO4VOF
T8NV0Q
2YFUSB
BJBLCD
LBZ8RU
05Q82K
X2T4P3
CGNPSR
I5V6FG
ALENQG
4GXFV7
7HM2Z5
QQH33L
60XLRI
W35A8M
09SYAD
781QLG
Q1JTH0
VH42ZZ
SMD87Z
SGEEQL
Z5IQ4H
P6KMYH
6HR9PB
T0WOJK
E2R5DE
ZQP63V
RK4B9J
64HU13
25R4NC
GNX0G3
9VL3T1
EA7JK1
PEWWN4
HR9FK4
Q56L5Y
GFW2ZB
YCYRIP
M61FBH
3LPWSP
DTB52I
CSDYMY
NFEH33
WZ554S
8ROCZF
ZUEQ42
W4TWYR
MGE8J5
45L4SM
80U8KY
MW0997
Q9CLCO
P8B8DQ
ZEGPBW
OH7EH2
RYX2EQ
TZ4VKU
R82ATM
O28GGT
U3QWTG
95HSEC
IV14ZY
ORR36N
EWJZUQ
4VDKSS
3YQJKU
MH1LKA
EKWY4S
RID2U5
53T14O
KHJM73
DIM0LG
XUO6MV
J5WAE9
N9NIRT
H8JAWI
DE64UM
WVJA1U
92G32D
MDR9BC
324OWU
HH4SN3
DEGFBM
BZJUA9
KVOZ3Z
RFOB1Z
2Y6LU0
XYN360
GW4PYF
4ERJJ6
NRV5XH
GVZ75T
CY1GZT
NIJVMQ
Z164JF
EJER1R
TQL2XJ
Z8CP0R
19H2RP
JAPN5M
XPLZM0
N8AFGT
1TP36D
GK5YRO
9WO88G
DLLU5A
1H0RUO
3BVQ5K
8QGRSO
3C3XSZ
3GEHAJ
J6LXGV
CX8B8Z
YF3S3W
Q8C69R
GQXBVP
D53MT3
LD90VH
1APHBF
4WGNXP
XMPG42
095TGF
7XFHLX
K6KTO9
6V7URD
KSA0KZ
ONMHZ9
CR8EEM
139POA
D70K91
2Q88S4
102L0Q
S94SF3
XAR3NP
16YELX
X4KEW6
KSLTLQ
WFYTEI
UCNTO8
K3U619
A9T8L1
ZFQJC2
TV7ZJD
RQRG8N
WEN1XS
V31M3H
K927KP
BRL878
UXJNF3
MWA129
U3T01H
97090T
PD5IIL
QOBUDT
D16FDQ
QMHR2R
FFQT8C
Y3NPKA
L9W4DY
53LSPJ
IKQ5K4
TX2024
IUSGMR
09818D
1U4IIK
QSLI7R
20G2RE
OHM5TX
6B7AUF
4K1WWL
PRWVE9
1FDE11
UN8POU
59HPT0
BFRKF9
TCMDOV
3S2QUU
JNAXDJ
JHLPNI
JGQ590
7V8SM7
WY6RW7
PW2VO3
384PA2
42T6IC
4QRT8U
7WNY4G
3B69PM
8X9K47
YAU95H
92X34E
862X02
7GQ12I
5YNHMI
C938XL
3TW6A4
ZTEAKC
0BY2WC
LYLO05
XAOIF7
J1HADE
53AHEJ
DL2TVM
AXXYP7
Y9ZFF4
T5U6O9
D9H6PO
XJFFJ5
Z97X98
XRPI7G
RVXGH3
PE06N8
5KKUR9
WU3ZRK
MLAQOE
C1O37V
HC0YJT
R6Y8LP
7JL9A8
C7QMT0
F2UYER
0QE4HE
BNC0GU
5BWLHZ
6N2N46
YJWJLV
AYKH8N
ZCOWT3
SEXNZ1
OL56PY
EKH1SZ
ETGDV4
J36NU6
8UX0VW
KRX6Y7
230X46
BVIJLZ
YDSA7B
H2SYCW
UM90XT
20QL99
V4IC3F
5FLAAX
T4QMX8
XRR9AO
977RFO
CZK9J4
SCAC39
5BD3LR
Y2WFWH
SZ6B14
J0P3XG
BLESPI
GFQQWC
Z7C1RY
MVGF37
92ACPX
Q9HDRK
DZNW4O
FONBA3
EAAWYL
9NDZE0
YO5UIV
NJ9442
QRR3UD
C1PM74
SBP251
9WO7LI
UAAXGA
JBSLYH
RXGU9A
ZESFPG
RTUZUK
2WGCQ4
TEFESP
Y70TO1
SIYCM3
D57J5V
0FOSYI
1FM03Z
SVFSTR
VP0FVG
S0BPRS
4M73SR
XSVZ0D
EECTI3
33D7WG
PNWQNL
FLO8WI
KTORVI
SW77KE
B62DMQ
SB9IHO
VO6ZUP
F8AXZB
R5B5GR
TGHEU1
X125VU
QL2WLD
RVTUOX
ESIFIY
QUWV83
XSWHMR
MQE7WO
C6A7QX
UXKV0C
SHQ230
U2QO1M
KRCW8S
1V8EBB
58P6HY
FIJHAT
OT4EOH
0ZWSZ8
4G9YUJ
R1TGJV
6YILX5
0ZG8I4
86U7KZ
JEEPNH
BADOD1
CVGXKN
P6T3SI
71DB6K
C4ZXA5
BX3ID6
AUS4QO
TCY2WB
2J0KMN
Y0LPNC
2JPT0K
GIDQ3P
0YRCG4
MXJL5L
NZJKTF
KRTE3P
LV9V1E
C4VN2C
BHG1C2
B0A1WL
P5SI4F
KQRR1I
84F947
KAVA2X
R8W40L
U44279
GCV6BV
4X9YKF
KBCFC4
WQP5SZ
ZKE8K8
YR5Z4H
9UJ390
U6BBKL
K0H5DN
7HQZXK
WQ7RJM
PEYQ9Z
UL2SLU
WVKC41
R33C81
XKODWK
VYFZK3
AC6WUN
