ids
LYLO05
9PSYMF
UKTX4G
6VI2SP
O7OR68
AEWB71
97090T
8KXOTH
BHG1C2
2SXGGE
LD90VH
M61FBH
N48AJL
9VL3T1
LGZY7B
ZK7HUS
3BHL4P
XUO6MV
B9CQAD
CRV6NM
5XBA67
GW4PYF
7U2BHB
4RCM4K
K6KTO9
23US2I
240WDP
781QLG
8DIQ1H
E6DUQI
RNUTKT
BO4WGB
JM3CN4
4UPXNU
C8VH2B
RRW5P0
5J27IG
SEXNZ1
7M61H8
L3JFGX
Z97W6J
16YELX
SOR5YF
VCRZYZ
GOT1Q8
CE1YVD
6XRI79
8UX0VW
4PYLXP
3TW6A4
SFEXGH
MNW2UP
GP26P6
MAPI47
Y8VHIH
FCT7AL
MFLM2O
6NIB2O
C6X24T
W962OR
VXDBV7
WI3MG7
YZNYKU
095TGF
4YLW9F
MOBVBC
W60HWI
79TU33
EZFVK2
YR9ZMN
O7WBI8
S94SF3
AJSXK4
ADCTLD
5Z0WT4
ZZZ0GT
TKCDLW
P5OHRJ
4M73SR
VF6S0N
8IFANT
QRR3UD
LEAMKB
12LRY4
PI0507
19H2RP
3ZQXA0
96WVGA
BYHVG9
9ZUHRI
060QD5
0G42R2
QSLI7R
8IZ91I
CCO57P
JUB7FE
V4RJXI
KRCW8S
0NH2US
BDO7UO
BJBLCD
E1JA1M
V496TK
KYWZ7N
WL5QMO
POWC1S
V31M3H
83UOI4
7PDYTH
CZBR14
RTUZUK
BWRWC9
74V8HT
GN2C38
64HU13
B9LAHH
5E3CK4
CK9HO2
0XP18U
WLPIH0
QW5QOG
6YEMS7
1IW0BC
3UEIT2
YAU95H
5ROYVP
57A8EZ
R3NH2K
OJI51T
MLE1R8
98W84E
3YQJKU
CC84OF
1CVKUB
VAUKLY
I1A9KN
GL2HQM
G9MEIU
FOCDWK
I3YNQD
K37RQC
5HMR69
4RHYNC
AYKH8N
NS21FF
HC0YJT
DFV4BB
IVQCQF
SHQ230
O4QSFT
CSDYMY
J8HRXY
RQRG8N
D9H6PO
ZCV2NM
D3PDQG
VZ1HSX
U5WGQX
OM4DSK
L6SISK
SW77KE
FS9LW8
NG3F32
GFQQWC
77P2UY
UFCGFE
D70K91
2GC7YO
CBDXF8
K21HIL
25R4NC
Q6WMCP
84QHWJ
7T3RLP
S0BWPT
R33C81
EPOZCL
MQE7WO
KAVA2X
LYY1UT
GHAK2H
2S0E5L
AEB0B5
GBUSE0
09SYAD
UB8Z93
9TQ5LO
7XFHLX
3VW5DX
R8W40L
66KGAG
OF2VT0
T80KD0
0QE4HE
102L0Q
YL3OEP
BN9TJU
WAX07E
ECASJF
6NJM2L
E2R5DE
H3T1XO
XAR3NP
LL69UU
VQOHN8
KQRR1I
NIJVMQ
NF43PR
SIADUL
J6LXGV
1K2KZZ
Z4YJNP
OAKKH9
J9BL4S
3VR4J8
VL6WIU
JAPN5M
ENWVHE
8BFDLM
80EZ16
WVJA1U
1U3B6P
AFAJX4
K3O76W
WJOMU6
V9VV92
BVZY8O
Y3NPKA
9NM2L9
14ROMS
C6A7QX
CQR8D5
W5KMKH
B1IVX4
JUELN8
IIYN8U
YF3S3W
Z8CP0R
WK3X1N
3FXNZN
ISH5CD
JYUHNW
92X34E
ZGUTHR
JV9CKB
DTB52I
Q2YYWV
DPDDIH
H9R5ET
9N9QK0
KCN0O2
H8AW3E
EXKA0S
FX2FHX
10FVW7
XZIW0R
53T14O
DL2TVM
HZAOA9
7Z7GKO
KNDGX7
DU2WPI
V0OVZI
FONBA3
DD0S7M
YS1VGV
F52JRQ
1APHBF
WROXGU
MGV14C
PW2VO3
KP3296
JBX7S9
GQU4SE
Z97X98
N6ABEV
13U76N
GIDQ3P
A2N0PS
CF5CCT
33PHCF
C1PM74
W98HB9
I0E2GW
MVGF37
T5U6O9
0WTJZ8
P3SIHR
KCFG2F
WZ554S
WTHUBT
PRX1CQ
TG2AQ4
8Y0C7C
42T6IC
WLI5X9
NSWIXS
8ROCZF
IWDT1O
VP0FVG
FW0F2M
5BWLHZ
RYX2EQ
YG02FL
MI04P7
VU6JZQ
RVXGH3
TMCG0E
FUHXQG
47BUD0
69EIMX
T4QMX8
X2T4P3
FFQT8C
7260I3
SA2LRK
MHZPD7
9K0SOI
IV14ZY
SZGB6B
KBUB4R
G8OILS
FQPX72
BLESPI
2ZMJ6C
70OSSL
9CD6NT
SRZ3M2
IUSGMR
95HSEC
WR3RI0
Z8Z2GE
8OJLTE
RFOB1Z
6RCIRZ
L3DDHC
R1TGJV
C46LR1
5GA790
HH4SN3
Y2WFWH
LVO24N
LXU75A
1DYOFK
3DZMDA
VAQUUW
Y2QSGT
441AMF
WQP5SZ
JBSLYH
U6PUPR
ORR36N
0NJHZQ
LBL5OF
7HQZXK
IMCTMO
5HQ6Q1
V47PXX
MBA3G1
1FDE11
XHEXMH
4D6UBX
JEEPNH
IXE6FD
885T41
WH0SON
I41NZ6
S6JUIH
L9XE0P
YR5Z4H
EJER1R
73J79E
4UTDDB
AYQ9SS
A0EAZU
QOBUDT
HRJ17G
5KKUR9
BADOD1
XYN360
CUKEIZ
XI99CY
VC79VM
V1Y3TI
SRCHJD
FGWP0G
N8KFU5
56NZY5
F3TYOB
D35K68
YWYPKG
1DP728
A76MNW
UUHYY8
TSCBBV
DIM0LG
1TP36D
C1GCCP
C63MPA
7V8SM7
VCXA2G
FWOZZ1
XRJ0H5
VMRH2A
T0CVMT
IQ2ZXA
68WFIM
EXQWL2
DI9VHW
G8PHEQ
7YL6PC
Z1ZUKT
GVZ75T
XR3TA6
EAAWYL
E4AEOK
Z44WBC
59HPT0
0FOSYI
R82ATM
8X86PU
18GE64
P5SI4F
CLSZJC
DIC3QA
RVL51L
AD16DN
VYFZK3
1NZVNI
Q9Q06N
HVMXGZ
MLBZRG
E49GSM
2I1YL0
X27HPL
940ZMY
JIC6MG
PBE0AM
FL3DVS
O8V5M0
SPCHYI
1W2PF7
H64R06
8QGRSO
9GDD81
7W3C87
9WO7LI
D7HUQY
GFW2ZB
ZESFPG
U6G9EA
9158EG
53LSPJ
9V3PYJ
JGQ590
BNC0GU
LXNA8E
7T1EW9
XYDRBQ
UZT4UI
50RMLG
LTLPN2
PHFY8S
ZGF2TZ
Q1JTH0
WG3MIE
3GEHAJ
GPYLA9
9GKWO4
LPM95G
2CU7ZY
384PA2
YH5T8X
KW6DCR
JYPWGM
JELOYM
CQHJYG
RE4R44
AM9U0S
ESIFIY
P0VQY5
E9W7KQ
EYY4NU
5N8NVC
18DRG6
7QQLOZ
ZWBG7Z
CVGXKN
Y67VYA
K7F2ZV
7GQ12I
UFQMN8
5BD3LR
KUOEHI
ABL1XK
UM3PXK
JHKBUS
KUKFI7
AJDRVO
564025
V523JX
C8B97R
YP57PI
8JWL2R
KHJM73
FIC3YO
2XAPQR
FZL55K
XYSPRG
ZOPAB1
M4YMWB
XPN8XD
ZFQJC2
0IOB07
TCY2WB
O1CIFK
XPLZM0
LYIUL9
U3QWTG
WUI1K8
118RK2
CIFCOK
ZABSDC
8LLOQD
KVOZ3Z
GY5LZF
BD55NO
MXJL5L
RW0OBO
H9X3CD
AK2C82
JUE9XP
PEWWN4
KHNNOK
JVOX3F
DZOE3P
29SP4J
LT43X7
2IM33L
1LZFIK
IQ0IUX
MBEFPX
076E39
8I8QZD
PP167U
A2T0EB
45L4SM
WVKC41
FO58J1
JDP5T6
TV7ZJD
F8AXZB
1V8EBB
FVKKZK
GNI36Z
IHW3M2
12XHSD
FXOBWD
MBK3PM
M1P60Y
KJ5EAO
6Z6DXI
AUZSRK
OL56PY
R1P1FA
4LX0H3
2YFUSB
H6GPEZ
XNX4EY
U6BBKL
IL1Y5J
94PQ2T
2NGRX8
4VDKSS
AL05L4
5AOUDD
YGGLTY
K7B4YU
AXXYP7
3U0OM4
8YUCG1
NPNSMB
YQUDX3
KF4NTZ
KSLLON
HLKGA8
UI7IAB
TSKTRS
044LNX
3C3XSZ
LV9V1E
X02ZTY
PDBYGZ
XG3ZQJ
ZHWFHK
X84YOA
52QJ8T
OY08GZ
5HTX6B
TCTTIA
LG3953
D2S095
V2QCMM
1KHY22
IJHFLE
I8ZPED
D86RVG
324OWU
FS7SX2
U2QO1M
IS0BBB
JO775E
J85PT8
6J4TDI
BMYQJ8
VZ4LZ6
MGYISU
T6L2KV
E5CC21
TEFESP
X7HXNW
BI1LF1
53AHEJ
VP0VFU
QJLYCF
F8IJWM
