ids
IM9QCP
FXTWCC
MNINPL
TGHEU1
AC6WUN
O8HPCU
6JNHVP
65TXXV
ERHR9W
LEAMKB
G3AVG8
U6BBKL
U6G9EA
JR9M37
EKWY4S
PZ3Q4L
6O5XSO
Q9CLCO
MCSP88
4KZGQ0
PHFY8S
CIQASJ
4SAQ1J
YHYNSO
1TP36D
15315A
0YRCG4
JBX7S9
OHM5TX
56P4BB
AP1P22
9WO88G
0WQ456
RXGU9A
KBUB4R
ZGUTHR
SEXNZ1
KCN0O2
6UQ1ZK
80U8KY
FZL55K
SB9IHO
8IFANT
IJ7Y34
3VW5DX
9RZQQA
FIRT80
T0WOJK
PO1WPB
XYN360
G2X9J4
C4ZXA5
K6KTO9
8X66JZ
L6SISK
80KPO7
C6X24T
LXNA8E
QSLHWU
C46LR1
9VL3T1
E5CC21
0H0UEO
R9REY0
09818D
3C3XSZ
4QRT8U
RCVJ0T
T4QMX8
YG02FL
8ROCZF
8KXOTH
RSVM45
CUS8AY
4D6UBX
UXKV0C
PBE0AM
QOBUDT
NZVDDR
ACCZA8
ZPJ42S
QQH33L
GHAK2H
9PSYMF
S25BL7
977RFO
SS2YJC
RTUZUK
VZ1HSX
25R4NC
RDID72
ZWBG7Z
ZKE8K8
K2GA2V
FWOZZ1
OV9JPS
09SYAD
NQGQCG
AM9U0S
B5E83E
C7VZ1P
70OSSL
4G9YUJ
E4AEOK
G8OILS
R32WTS
WFYTEI
9NM2L9
0069AH
AJSXK4
IQ2ZXA
PP167U
1K2KZZ
MAB2WB
FQNB8S
B9CQAD
X1F9P2
9FVNAB
HOELKU
K21HIL
8WZ6O0
8I8QZD
O6DJTN
5ZT0CB
M3BPGH
RVXGH3
BZGLIO
DIC3QA
AFAJX4
JEEPNH
G5FVYO
D8V6OI
C8VH2B
DU2WPI
SIADUL
WU3ZRK
AUZSRK
2N7AAS
V6F4HW
I5JXN2
ABL1XK
CC7PCK
XSTOE4
VL6WIU
O7WBI8
I41NZ6
W7U1PX
GC5YWJ
IXE6FD
VAUKLY
XUO6MV
PW2VO3
W35A8M
LMPJN0
GLTV85
2Q88S4
6J4TDI
KCFG2F
3BVQ5K
U5WGQX
WROXGU
LT43X7
XAR3NP
5P2SZX
837JQB
6H23C1
AMVPX0
UUSK1R
QMHR2R
33C7QB
NI9HZM
ZCOWT3
922BM8
2WGCQ4
9L5AED
D1PA67
LIXQP9
TGK0WT
G8PHEQ
FO58J1
P744X1
3DZMDA
RVTUOX
FFJ254
GS6CUU
FUHXQG
W1MGA1
O1CIFK
2UVBUF
WJOMU6
7U2BHB
Y306WQ
QQCUFC
BI1LF1
SZ6B14
R3NH2K
H3T1XO
Y2W1PH
ZHWFHK
041TBE
D57J5V
GNI36Z
7WSTN9
9JRUMW
T8NV0Q
VELH3W
6RCIRZ
68WFIM
C1O37V
1V8EBB
8QIMJ5
S125EQ
T80KD0
NZJKTF
0G40QY
1CRUML
8DIQ1H
BERWJQ
50LRI4
LYY1UT
1FM03Z
LIOYDE
53RBO2
IHW3M2
2LC96S
5B9ZWW
VH42ZZ
XPN8XD
5ELD9X
D2S095
S0BPRS
3YMALU
IMCTMO
UFCGFE
PADZ9T
JZYOEQ
CVGXKN
E2R5DE
CLSGLL
WDQE5D
FMLQU4
E9W7KQ
30A856
7PDYTH
M61FBH
U44279
PD5IIL
0G42R2
Y2QSGT
HYZPDJ
L3JFGX
WS1TS2
6EMA2B
E49GSM
JQ4EM9
JVOX3F
QL33GN
27X6PE
LL69UU
LC19QE
DPDDIH
ECASJF
XZIW0R
PQAGZV
BJBLCD
BN9TJU
RS2LS4
M2KL4C
91Q9SR
WTHUBT
AA3GLI
YGGLTY
6HR9PB
3878J3
PI0507
WR3RI0
MAPI47
AQ1QM0
GFZMB0
CY1GZT
2XAPQR
WVJA1U
AXXYP7
WF9J91
OIG46P
K9SJDH
RRW5P0
DZNW4O
8VMO9L
AYKH8N
OM2AZD
GBUSE0
1RTY62
7LU5RY
05Q82K
YO5UIV
P6Q1DM
D4QODF
N8KFU5
I1A9KN
OKXLHO
I0ANMA
6NJM2L
GKLMVM
RFNMSP
0QE4HE
W962OR
K927KP
BNC0GU
K37RQC
66KGAG
IIYN8U
IWDT1O
1II4O1
YR5Z4H
HV470A
076RR7
9HB3UE
EDRQ3M
TDPL7X
FX2FHX
G9MEIU
AJDRVO
OIWOM7
JYPWGM
K3G01K
N36HNB
Y0LPNC
2IM33L
IS0BBB
68T7VW
YAU95H
6Z6DXI
9NDZE0
5ADUX1
79DZC0
EYY4NU
GYWXMB
Z1DLJQ
IR5PYM
SA2LRK
OY08GZ
Y7ZAOQ
KBELH8
77P2UY
56NZY5
3F8KRI
WJC86G
20G2RE
7QBXHQ
U49GKC
82XDE7
XG3ZQJ
2J0KMN
URUECE
WG3MIE
O5T4QM
MDR9BC
WEN1XS
YH5T8X
HH4SN3
2DRVCT
TKCDLW
36GCVQ
GPYLA9
B62DMQ
JQVZPQ
8X9K47
SBP251
J7CY61
9V3PYJ
79TU33
W0VY5N
7W3C87
TG2AQ4
H4L317
1OPSYF
XFSM07
X42K17
QST4AD
BFRKF9
5XBA67
BO4WGB
0EXTDF
52QJ8T
YZNYKU
H7MAH4
8YUCG1
4GC7KI
U2QO1M
FXOBWD
Q2DKB6
5Z0WT4
QWZALP
D4GTQL
1VS9QF
9VC7UD
U662KB
D3W5XD
V2QCMM
K3O76W
I0PWP4
R6K3NN
U3T01H
VVWVL2
X011KV
BDO7UO
IKOYGG
FS9LW8
5T4WJF
A2WYN5
CQR8D5
TX471Q
IFBMYT
Q1JTH0
NNY3QI
25VIKL
VU6JZQ
ZBPAOV
A39C6E
V0W6H3
K3U619
8YMIHS
XNX4EY
WLDBC7
5C8YU7
SRZ3M2
A0EAZU
GLAXRC
BAC2AF
WY6RW7
DKVPET
IQ0IUX
PRWVE9
7LISLD
R8W40L
V0PJCH
MGV14C
XGGACZ
W2R5X5
L3DDHC
D86RVG
LGZY7B
LEJMCZ
12LRY4
2ZMJ6C
3TIC7R
QW5QOG
YUP9II
2GC7YO
HWLZKP
102L0Q
CRV6NM
UN8POU
6VI2SP
RSOZBL
A2N0PS
4PYLXP
2PE13K
1U4IIK
BFU9IQ
J9BL4S
ADCTLD
FW19EW
ENAEBK
TPHN9K
DD0S7M
92X34E
862X02
SCAC39
JDP5T6
5HMR69
AFJV8Z
7HM2Z5
ORR36N
5HSVZA
X27HPL
9ZUHRI
1U3B6P
Y67VYA
GFW2ZB
O8V5M0
Y88BKL
RW0OBO
441AMF
Z44WBC
4UTDDB
OF2VT0
ON5X9M
BLC0AB
NZONFW
5N8NVC
T6L2KV
QL2WLD
AUS4QO
2HX0YG
XR3TA6
HUIYGC
VZZ5X0
J5HOLR
9SLAQB
UZT4UI
7T3RLP
XRJ0H5
JGQ590
WI3MG7
SVFSTR
MBEFPX
PDBYGZ
W98HB9
F52JRQ
NSWIXS
KVOZ3Z
2ZFY63
PEYQ9Z
PIEK9M
UP5NLN
EU9KM9
4A1T2F
53LSPJ
U57EH5
LBUYMZ
UFQ889
UBT2B9
U64T09
YS1VGV
TH74S1
IL1Y5J
1PTL8P
1O4PQQ
GQU4SE
X125VU
Y78KD5
I3YNQD
DL2TVM
J8HRXY
A03EVP
V1Y3TI
H8JAWI
5BD3LR
4WGNXP
BZJUA9
X8BGBT
ZGF2TZ
V0OVZI
L9XE0P
52CYZO
GN0JLK
TEFESP
0IOB07
9243LW
BADOD1
DRL0Q0
T5JOFW
7T1EW9
XRR9AO
F8IJWM
CR8EEM
0NJHZQ
Q8C69R
RSJ154
E6PNFC
QMID7A
0SAV1E
KJ5EAO
5KHGBC
3VR4J8
JELOYM
OTTBPN
LG3953
P9AFWO
095TGF
LBL5OF
WLI5X9
RID2U5
62TC0B
9V5YRV
GL2HQM
Z97W6J
FL3DVS
PEWWN4
IKQ5K4
W1PR17
07DBZD
HDXW1X
4GXFV7
LC7N5Q
KNDGX7
8BFDLM
JG0ZNV
QUWV83
324OWU
P1MXGZ
3UEIT2
DTB52I
GZPA2P
K69O9W
XKODWK
57A8EZ
81PSS5
JFIPHC
86U7KZ
UB8Z93
BRDCAH
A9T8L1
X7HXNW
O5K7HH
T0CVMT
YRP9CS
5GSHTS
FWMII2
2Z41C0
S7Y4LV
P6T3SI
CK9HO2
CGNPSR
2XUWNM
YDSA7B
PF2PVP
DM3NAU
R82ATM
U06C68
JCCUG2
F4L77Y
GN2C38
ALENQG
6R8SMV
X192U6
