ids
AEWB71
RID2U5
KX1MEO
XHY015
7LU5RY
LG3953
1XDD8H
0WTQ18
4UTDDB
56P4BB
4RCM4K
FIC3YO
GLAXRC
ETGDV4
1DUR00
Q1JTH0
VJBA07
UUNSCA
IVAP1S
D5YM4U
BVIJLZ
FOBM63
VQGN83
F4L77Y
OM4DSK
KHJM73
R3NH2K
FS7SX2
EAAWYL
PRWVE9
VAUKLY
BXC5ED
GW4PYF
TPHN9K
7260I3
NDJYF1
N9NIRT
PZ3Q4L
LMGOVW
QL2WLD
JUELN8
IBWGZR
GHAK2H
AA3GLI
7W3C87
O7WBI8
YDSA7B
UM3PXK
20QL99
1II4O1
F8AXZB
BO4WGB
KPLHVT
BH5JHL
RT1MH6
WSZWZR
CUKEIZ
RDID72
KTORVI
B3NVV7
HZAOA9
A2T0EB
ECASJF
E2R5DE
KVOZ3Z
V4IC3F
SRZ3M2
UZSX6M
68WFIM
RNUTKT
7T3RLP
N2QWMH
D2S095
N6ABEV
RE4R44
UM90XT
TEFESP
1CVKUB
R1OH6S
L6SISK
F4VPIA
W60HWI
MGE8J5
E6PNFC
1X44WK
Q9CLCO
G5FVYO
SBP251
58P6HY
PD5IIL
3YQJKU
1DYOFK
LV9V1E
2RKT5S
TDFXX1
PEYQ9Z
Z1DLJQ
AQPHLG
WF9J91
9WZFD1
Q17KVU
A2WYN5
GN0JLK
1U3B6P
CTDP09
D53MT3
5GA790
WLPIH0
441AMF
WZ554S
YF3S3W
O5K7HH
NNY3QI
XG3ZQJ
ZBPAOV
PU14F1
TDY8GB
7QIPLL
FXTWCC
MNW2UP
H9R5ET
HYZPDJ
TDPL7X
75VMH6
I0ANMA
SS2YJC
2XAPQR
2GC7YO
DL2TVM
YO5UIV
U3QWTG
UN55Y5
Z8Z2GE
4FIFGG
68T7VW
18GE64
LYLO05
DT6VJ9
EWJZUQ
LBUYMZ
JCCUG2
7U2BHB
9I4Q4T
VL6WIU
U2QO1M
G9MEIU
4GUYLW
UHW0R0
3TIC7R
6O5XSO
VAQUUW
B62DMQ
FWMII2
KUOEHI
ROD0GH
9CD6NT
OV9JPS
0ZG8I4
0SAV1E
C7VZ1P
WJO6G8
WT9FHC
18DRG6
25VIKL
FOCDWK
U6G9EA
W5KMKH
44BOBV
4VDKSS
240WDP
09SYAD
CZK9J4
KW6DCR
WA6WVA
XHEXMH
781QLG
D35K68
HV470A
3O5BN8
QCRR2U
XZ09WS
60XLRI
V31M3H
1U4IIK
RXGU9A
P1MXGZ
XUO6MV
GN2C38
K69O9W
XPN8XD
91TZ3O
80KPO7
1UO67G
OY08GZ
3UEIT2
XIUR3F
XR3TA6
6J1GC7
1K2KZZ
JBX7S9
ON3JN9
WJC86G
C46LR1
JNAXDJ
N8KFU5
0BTWTU
VZ4LZ6
V9DW1U
EA7JK1
2Z41C0
SAFUNF
59HPT0
09818D
ANUBU0
HOELKU
BI1LF1
GS6CUU
3VW5DX
WDKOM8
IHO22M
G3KBTC
QU8NPA
TG2AQ4
LEJMCZ
JHLPNI
V0PJCH
R62YIH
UL2SLU
4FDUMZ
AC6WUN
IFBMYT
4PYLXP
UP5NLN
T8NV0Q
S7YXP1
D0KAO8
RS2LS4
84F947
XGGACZ
X192U6
0RXFW1
D4QODF
K7F2ZV
5ETL5S
PF2PVP
324OWU
DKVPET
9DCTS6
0WQ456
5P2SZX
U49GKC
VMRH2A
6A83R9
BHG1C2
OM2AZD
J36NU6
BMYQJ8
1PTL8P
SW77KE
Q2YYWV
J0P3XG
QA2ILS
ZZZ0GT
9IQHUM
JYPWGM
53RBO2
O8V5M0
118RK2
LIOYDE
ST5FL8
77P2UY
DP41R5
SA2LRK
POWC1S
D1PA67
GR7J04
9DHV36
Y7ZAOQ
ZEGPBW
ZTMEE9
P6KMYH
G8OILS
6EMA2B
57A8EZ
BD55NO
BLC0AB
LMPJN0
SZGB6B
9UJ390
MHZPD7
LC7N5Q
Q6B4XS
ESIFIY
UFQMN8
40XBN0
V4RJXI
C6X8WX
79TU33
KCFG2F
IIYN8U
F8O0K0
Y67VYA
RW0OBO
C338V4
RBO7EP
YBG3FA
CC84OF
SZ6B14
8WZ6O0
S52U06
FMLQU4
5HTX6B
4QRT8U
U6BBKL
2J0KMN
4RHYNC
Z7C1RY
5Z0WT4
DQE0YJ
5ELD9X
R1YH7D
2YFUSB
8A5TCS
XKODWK
D3PDQG
QJLYCF
HRJ17G
NQGQCG
QQCUFC
SEXNZ1
MOBVBC
C6VEGY
X44PQ5
RYX2EQ
20S3LP
0WTJZ8
O5T4QM
9VC7UD
9FVNAB
A3V1AB
4UPXNU
GNX0G3
KBTRDU
UB8Z93
IHTNW5
0IOB07
DPDDIH
X02ZTY
Y2WFWH
T5U6O9
87IQL6
A39C6E
PEWWN4
8DSIE3
YGGLTY
K9SJDH
GVZ75T
1IW0BC
Q9DQK3
S125EQ
8X9K47
QSLHWU
Q2DKB6
SGEEQL
5HSVZA
5YNHMI
FGWP0G
AYKH8N
FS3Q7Z
V6F4HW
Y73L92
94PQ2T
27X6PE
NPNSMB
HC0YJT
P5OHRJ
5J27IG
W35A8M
FFQT8C
QDI5NN
CX8B8Z
K7B4YU
MDR9BC
5HMR69
TV7ZJD
6J4TDI
1LZFIK
C50M45
XCBKCU
ZQP63V
01FUWE
K37RQC
PE06N8
CLSZJC
MTO35S
JQVZPQ
0EXTDF
8I9D3F
MVBJCZ
3X1HPN
YS1VGV
2DRVCT
AUS4QO
2LC96S
3VR4J8
IXE6FD
837JQB
3260HM
UPJH6E
ADCTLD
J9BL4S
VGXPMH
JG0ZNV
862X02
1O4PQQ
BKW9NF
RCVJ0T
JBSLYH
FBP4YE
R1P1FA
3RN4NY
83UOI4
2SUU9Z
65TXXV
VJMEMH
7FJAEN
EQUPR3
QSLI7R
K0H5DN
PY8O8H
JFYWNC
XNX4EY
AK2C82
S6JUIH
4LX0H3
OIWOM7
CVGXKN
R3PMFJ
JGQ590
WI3MG7
XSVZ0D
2HUY2I
33D7WG
UFQ889
P6T3SI
MX30JB
A2N0PS
FW0F2M
WK3X1N
1VS9QF
V450BO
A9T8L1
4K1WWL
G472R9
VQWLBO
KBUB4R
DM3NAU
0F8CWZ
KQRR1I
3TW6A4
OF2VT0
3FXNZN
9ZUHRI
7YL6PC
2IM33L
8JXALH
YFPDWQ
ZAM4CF
E5CC21
3GEHAJ
77KZ24
KBELH8
RK4B9J
1OPSYF
6QTA3U
8BSFWL
15315A
0BY2WC
LYY1UT
0H0UEO
1WIEX7
M1P60Y
D9H6PO
KNDGX7
Q56L5Y
04DT43
UUHYY8
B1IVX4
DD0S7M
JR9M37
W1PR17
IKOYGG
71DB6K
W98HB9
52CYZO
KY09Q0
RSVM45
RFNMSP
BJBLCD
ZKE8K8
UHWFXI
N36HNB
GC5YWJ
557PGA
1CRUML
095TGF
LGZY7B
KHNNOK
53LSPJ
9POY01
XJFFJ5
16POZQ
PBE0AM
EXQWL2
5ZT0CB
92X34E
LBL5OF
D7HUQY
FABQ6B
W563OR
977RFO
ZGUTHR
6NJM2L
I5V6FG
4WDZ33
BFU9IQ
7HQZXK
139POA
OL56PY
4WGNXP
BAC2AF
VVWVL2
XI99CY
D70K91
EPOZCL
KCN0O2
7WSTN9
AQ1QM0
X84YOA
RSOZBL
1NZVNI
WLI5X9
4X9YKF
SRCHJD
OH7EH2
R82ATM
JUB7FE
AJSXK4
6UQ1ZK
AJDRVO
QZEKC7
ACCZA8
Z97W6J
Q9UMCP
WG3MIE
BYHVG9
D3W5XD
060QD5
U44279
YR9ZMN
92ACPX
1APHBF
03PX3F
S0BPRS
7T1EW9
V0OVZI
6JNHVP
Q8C69R
3BHL4P
RWNLL4
F3BIKI
AD6BM2
YCYRIP
2ZMJ6C
E3JLKC
R32WTS
I0E2GW
95HSEC
PHFY8S
42T6IC
36GCVQ
Z44WBC
16YELX
8QGRSO
FWOZZ1
6HR9PB
IP8H1X
LEAMKB
PMFI0E
SG1QXY
X7HXNW
EJER1R
64BEDG
QOBUDT
SOR5YF
5BWLHZ
XE2OE0
D8V6OI
CY1GZT
XO4VOF
RRYC5G
YHYU85
SFEXGH
7JL9A8
5KHGBC
JFIPHC
K927KP
FQNB8S
MLBZRG
ABL1XK
VYFZK3
SHQ230
H8JAWI
YAU95H
WJOMU6
076E39
X125VU
D16FDQ
NB12D6
0YRCG4
SVFSTR
9VZQ6F
FLO8WI
BFRKF9
9JRUMW
KYWZ7N
