ids
O294S1
6H23C1
K3O76W
G8PHEQ
X42K17
AEB0B5
IBWGZR
J85PT8
ZBPAOV
XHY015
C938XL
UBT2B9
4WDZ33
4D6UBX
52LN24
K3G01K
A2WYN5
49KEEG
GQU4SE
IKOYGG
7HQZXK
REAZ89
X192U6
1WIEX7
JQ4EM9
PVLRKN
B0A1WL
XNX4EY
837JQB
LYY1UT
1W2PF7
53T14O
IP8H1X
J5HOLR
GFW2ZB
6J8D8Q
8Y0C7C
JHLPNI
C1PM74
L3JFGX
1DUR00
1LZFIK
8BSFWL
86U7KZ
XCBKCU
HVMXGZ
FS9LW8
8UH6BK
KPLHVT
AEN29Z
MLAQOE
JYPWGM
YS1VGV
TSCBBV
JCCUG2
U6PUPR
10FVW7
9HB3UE
QJLYCF
JHKBUS
MVBJCZ
PQAGZV
QZEKC7
4X9YKF
URUECE
GFQQWC
3NORRT
4WGNXP
KUOEHI
MBEFPX
XSWHMR
3U0OM4
3RN4NY
EA7JK1
S0BPRS
DIC3QA
50RMLG
OF2VT0
E6DUQI
0EXTDF
4VDKSS
15OYNM
RSVM45
6VI2SP
MLBZRG
WG3MIE
DKVPET
9158EG
IR5PYM
PU14F1
J9BL4S
1IW0BC
09SYAD
Q8C69R
82XDE7
OT4EOH
IYYFJQ
QSLI7R
EYY4NU
R1P1FA
O5K7HH
IHW3M2
NJ9442
JE6TPO
8LLOQD
92ACPX
JEEPNH
FOQW0F
LEAMKB
MPO0RH
X4KEW6
PO1WPB
SRZ3M2
4FDUMZ
WZ554S
POWC1S
JODF2Q
5ZT0CB
33C7QB
5T4WJF
GLTV85
TPHN9K
IQ0IUX
TVDP1V
3LPWSP
JNAXDJ
X84YOA
6O5XSO
DLLU5A
EXQWL2
IVAP1S
9V5YRV
7T3RLP
OAKKH9
4E3WHI
KW6DCR
XIUR3F
16YELX
Z164JF
DR8QBE
WJC86G
NDJYF1
ATVFN8
R3PMFJ
SW77KE
MOY444
PUZHUT
CGNPSR
U44279
C50M45
ENAEBK
2UVBUF
SIADUL
8OJLTE
HRJ17G
PF2PVP
SZGB6B
WT9FHC
WROXGU
YWYPKG
O6DJTN
O8V5M0
U06C68
JIC6MG
BZGLIO
2YFUSB
RCVJ0T
GPYLA9
LIOYDE
OM4DSK
I5JXN2
GNX0G3
240WDP
VAQUUW
5N8NVC
Q2YYWV
4A1T2F
WF9J91
8DIQ1H
JR9M37
UFQ889
CSDYMY
VELH3W
48VWJW
Z1ZUKT
H2SYCW
8JWL2R
AUS4QO
ZHWFHK
3TW6A4
4Q2UCP
VH42ZZ
ZFQJC2
XI99CY
ECASJF
CZBR14
0MMPBY
DRL0Q0
GK5YRO
Y306WQ
0WTQ18
7QQLOZ
7HM2Z5
AD6BM2
JG0ZNV
FS3Q7Z
N2QWMH
CLSZJC
CVGXKN
0FOSYI
E9W7KQ
8A5TCS
2ZMJ6C
80U8KY
6RRVHD
CQR8D5
2MK53R
6AMLZ8
79NM8W
7W3C87
XRPI7G
MBA3G1
4FIFGG
EWJZUQ
GQXBVP
DIM0LG
1APHBF
16POZQ
3AIJA3
0BY2WC
FIJHAT
2SXGGE
3YQJKU
CUS8AY
HLKGA8
QL2WLD
BERWJQ
HMRMTM
JELOYM
X125VU
9ZUHRI
3878J3
QUWV83
4RHYNC
MDR9BC
SB9IHO
RH19CW
YFPDWQ
UVMZW6
RL9VZ9
7YL6PC
MHZPD7
AHBI71
D3PDQG
ALENQG
C6X24T
96WVGA
PIEK9M
CF5CCT
8DSIE3
YR5Z4H
2Y6LU0
885T41
SKUKQM
W60HWI
4GC7KI
WUI1K8
F8O0K0
EECTI3
PADZ9T
E2R5DE
CLSGLL
1Q8GKB
8YEXPT
PEYQ9Z
W7U1PX
AYQ9SS
9IQHUM
QQH33L
1UO67G
AA3GLI
P0VQY5
6HR9PB
C8VH2B
P5OHRJ
W35A8M
23US2I
PD5IIL
977RFO
ZPJ42S
D5YM4U
0069AH
AP1P22
0ADZ9W
NPNSMB
230X46
64BEDG
564025
8VMO9L
36GCVQ
3TIC7R
0WGXZ9
V0W6H3
5ELD9X
TGK0WT
7V8SM7
N8KFU5
Z97W6J
WI3MG7
TJOQL0
TQL2XJ
BXC5ED
Q6B4XS
BDO7UO
HZAOA9
O38KBY
ZTMEE9
MCSP88
H8AW3E
041TBE
HWLZKP
ZXFM38
EZFVK2
F3BIKI
1FDE11
4PM9PY
33D7WG
YR9ZMN
KVOZ3Z
0NJHZQ
Y67VYA
T8NV0Q
3260HM
ZZZ0GT
N3Y2KI
6YU9NK
YG02FL
L22NHO
MOBVBC
40XBN0
03PX3F
YAU95H
FW0F2M
7JL9A8
3VW5DX
GYWXMB
D3W5XD
UKTX4G
O4QSFT
LEJMCZ
B9LAHH
WS1TS2
0SAV1E
FWOZZ1
XYN360
XPN8XD
09818D
V4IC3F
A03EVP
G1BBNB
FABQ6B
15315A
ESIFIY
BRDCAH
81PSS5
7WNY4G
ANUBU0
PZ3Q4L
8ROCZF
K3U619
8X86PU
8QIMJ5
XSVZ0D
7DCAIU
D61T8N
QA2ILS
GGLWDN
6J4TDI
5YNHMI
ZH4JWZ
66KGAG
MGV14C
01FUWE
CTDP09
42T6IC
RTUZUK
TX2024
W1MGA1
7LISLD
T80KD0
4QRT8U
Z6HQ86
TEFESP
R32WTS
UM3PXK
RRW5P0
XO4VOF
3X1HPN
CIFCOK
A2N0PS
0ZWSZ8
X2T4P3
2JPT0K
8MBD9S
NZJKTF
ZAM4CF
781QLG
PHFY8S
I0ANMA
6YILX5
UL2SLU
1U4IIK
ZWBG7Z
V47PXX
FOBM63
VKVU2T
YL3OEP
SWED10
X02ZTY
EX7WKU
DEGFBM
Y2341P
AQPHLG
RYX2EQ
NCLHA4
AC6WUN
QWZALP
AUZSRK
2IM33L
YO5UIV
7QIPLL
GL2HQM
7XFHLX
YHYU85
4YLW9F
1J1IS9
5P2SZX
20S3LP
Z7C1RY
5HMR69
C6VEGY
K7B4YU
M25Q22
ZTEAKC
SCAC39
Y70TO1
2S0E5L
UCNTO8
D2S095
OL56PY
TSKTRS
C7VZ1P
Z5IQ4H
L9XE0P
CUBAED
XYSPRG
9JRUMW
QMID7A
77KZ24
KSLTLQ
F4VPIA
JM3CN4
E49GSM
WA6WVA
RVL51L
P9AFWO
UM90XT
E5CC21
Y78KD5
S7YXP1
TMCG0E
XG3ZQJ
2J0KMN
MX30JB
5GA790
Y9ZFF4
NI9HZM
0RXFW1
C4ZXA5
AEWB71
Q6L8XX
6R8SMV
WY6RW7
WDKOM8
ZEGPBW
DFV4BB
G3KBTC
OV9JPS
2Z41C0
MH1LKA
J5WAE9
ETGDV4
UZT4UI
UXJNF3
RS2LS4
WR3RI0
LC7N5Q
69EIMX
UN55Y5
YK4KTZ
F8AXZB
CBDXF8
ZD6MZS
ZGUTHR
RDID72
VP0FVG
KZB7TJ
V5Q7TK
20QL99
3GEHAJ
HOELKU
H3T1XO
FS7SX2
BLC0AB
I41NZ6
K0H5DN
R6Y8LP
B0Q8HD
6N2N46
71DB6K
V31M3H
H6GPEZ
ODLPXI
KBTRDU
V450BO
8UX0VW
OM2AZD
MGE8J5
96BBH5
3UEIT2
HC0YJT
1NZVNI
GN2C38
GVZ75T
RRYC5G
T6L2KV
ZQ7HJX
VP0VFU
9K0SOI
EXKYV3
4ERJJ6
KBUB4R
XMPG42
W98HB9
KHNNOK
BNC0GU
GN0JLK
0H0UEO
XKODWK
V496TK
FVKKZK
C46LR1
3DZMDA
9PSYMF
X8BGBT
29SP4J
LXNA8E
PDBYGZ
LYLO05
G09OD4
KF4NTZ
68WFIM
I1A9KN
PCEGAJ
M61FBH
EAAWYL
Z97X98
5C8YU7
27X6PE
CX8B8Z
2I1YL0
SA2LRK
K37RQC
5AOUDD
UB8Z93
56NZY5
PE06N8
M1P60Y
8M008Q
SVFSTR
R3NH2K
FX2FHX
351KDW
Q0UB2C
45L4SM
5YCYNE
IKQ5K4
IA86WQ
V1Y3TI
0G40QY
XFSM07
FXTWCC
1DP728
KX1MEO
7U2BHB
HYZPDJ
EDRQ3M
LMPJN0
84F947
KBELH8
T0WOJK
JQVZPQ
MVGF37
C1GCCP
WGQLMQ
139POA
YLJMI6
F3TYOB
53AHEJ
SZMC4E
GL1TP3
CV18CV
SRCHJD
20G2RE
K7F2ZV
WVJA1U
W4TWYR
MNW2UP
1U3B6P
12LRY4
VC79VM
C4VN2C
