ids
49KEEG
4G9YUJ
XHY015
BWRWC9
IM9QCP
BX3ID6
87IQL6
UXJNF3
QSLI7R
PADZ9T
42T6IC
P8B8DQ
YLVP2C
B62DMQ
8X66JZ
HVMXGZ
4K1WWL
B5E83E
4E3WHI
8X86PU
KCN0O2
32TQTC
CLSGLL
IFBMYT
7IO1HN
KF4NTZ
REAZ89
BO4WGB
VYFZK3
U5WGQX
WZ554S
0ADZ9W
8DSIE3
K9SJDH
7T3RLP
BJBLCD
ODLPXI
19H2RP
66KGAG
C47NOC
58P6HY
K3U619
18GE64
ROD0GH
4Q2CW1
4C2WM1
Y0LPNC
M25Q22
XSWHMR
LPM95G
73J79E
A76MNW
8DIQ1H
0YRCG4
J85PT8
ZGF2TZ
K0H5DN
3F8KRI
IP8H1X
J5HOLR
92G32D
80EZ16
KAS7YA
DZOE3P
ZUEQ42
BH5JHL
ENWVHE
IQ0IUX
0WQ456
8A5TCS
LIOYDE
AYKH8N
AEN29Z
VO6ZUP
RSJ154
6HR9PB
SG1QXY
YS1VGV
EKH1SZ
3DZMDA
CQ0NED
K7F2ZV
5GA790
YLJMI6
VC79VM
2SUU9Z
RK4B9J
MCSP88
RRYC5G
AD6BM2
XZ09WS
PF2PVP
IHTNW5
RBO7EP
FS7SX2
9GKWO4
U06C68
SMD87Z
C938XL
EA7JK1
33C7QB
S25BL7
X06Q8D
F8O0K0
TCMDOV
IA86WQ
V47PXX
D57J5V
YO5UIV
VZZ5X0
351KDW
YUP9II
JHLPNI
7WSTN9
V9DW1U
RNUTKT
9XFBEC
UM90XT
62TC0B
KBTRDU
TGHEU1
C7QMT0
DRL0Q0
X27HPL
8QGRSO
2YFUSB
0IOB07
ZPJ42S
FNGZRE
D4QODF
N8AFGT
EX7WKU
Q8C69R
UPJH6E
ETGDV4
ESIFIY
78G3HG
Q9UMCP
YHYNSO
2Q88S4
O7OR68
15315A
VP0VFU
D16FDQ
AQ1QM0
Z1ZUKT
MOY444
WI3MG7
KHJM73
MOBVBC
OF2VT0
3260HM
P6Q1DM
9TQ5LO
D8V6OI
H6GPEZ
13U76N
1WI931
XNX4EY
FOBM63
8XZHVY
DEGFBM
SFEXGH
7LU5RY
CC84OF
9CD6NT
01FUWE
MBEFPX
FQPX72
I41NZ6
IS0BBB
RWNLL4
TMCG0E
V4RJXI
77P2UY
GOT1Q8
NFEH33
LYIUL9
OM2AZD
KUKFI7
4PM9PY
A2WYN5
GGLWDN
5XBA67
LMGOVW
358FH8
RFOB1Z
5BD3LR
2I1YL0
81PSS5
R1OH6S
0WTJZ8
9DCTS6
D1PA67
KRCW8S
SZMC4E
8KXOTH
OHM5TX
RW0OBO
D86RVG
4FDUMZ
DP41R5
7YL6PC
NZONFW
K927KP
GK4E07
8VMO9L
ZOPAB1
XHEXMH
EAAWYL
6ETE8H
PIEK9M
KCU00Z
0MMPBY
LXNA8E
EQUPR3
8UX0VW
E5IY2T
YHYU85
HR9FK4
IHW3M2
PRWVE9
XJFFJ5
ZYAM5P
9VZQ6F
ZD6MZS
1W2PF7
QWZALP
ECASJF
O5K7HH
DE64UM
GN0JLK
2N7AAS
D2S095
GYWXMB
XFSM07
JEEPNH
AL05L4
ZBPAOV
JM3CN4
RID2U5
YB8OE0
NZJKTF
T6L2KV
9WO88G
C6X8WX
7LISLD
EECTI3
OTTBPN
IQ2ZXA
OJI51T
8M008Q
GC5YWJ
O28GGT
W5KMKH
T0CVMT
4M73SR
TSCBBV
NIJVMQ
X44PQ5
AP1P22
P1MXGZ
MAB2WB
WROXGU
GY5LZF
FZL55K
UM3PXK
H8AW3E
K69O9W
0G40QY
AXXYP7
8UH6BK
E1MAAG
0RXFW1
LC19QE
2UVBUF
92ACPX
0EXTDF
6RRVHD
R82ATM
N8KFU5
ZQP63V
TYU8HO
12XHSD
A9L9CD
RJ68SQ
KBUB4R
G1BBNB
8BFDLM
HC0YJT
T5JOFW
WA6WVA
V0W6H3
OM4DSK
862X02
I3YNQD
RDID72
H8JAWI
D61T8N
Q9HDRK
R1YH7D
7M61H8
45L4SM
QRR3UD
25VIKL
NB12D6
SRCHJD
DIC3QA
MGV14C
2PE13K
ZAM4CF
L9XE0P
1DUR00
7T1EW9
6HWN0L
CF5CCT
QMID7A
YG02FL
WGQLMQ
XRR9AO
CUBAED
MDR9BC
C8VH2B
TJOQL0
6NIB2O
0GM09D
M1P60Y
H9R5ET
TKCDLW
P5OHRJ
W2R5X5
UUNSCA
CIQASJ
M3BPGH
JR9M37
TY9RQP
D3W5XD
GIDQ3P
UN8POU
D30MET
KCFG2F
PNWQNL
XYSPRG
8ROCZF
MLE1R8
BXC5ED
1H0RUO
3VW5DX
0ZWSZ8
LIXQP9
6JNHVP
3GEHAJ
R33C81
KQRR1I
BHG1C2
WG3MIE
IKOYGG
82XDE7
A2N0PS
HLKGA8
KNDGX7
MBK3PM
LYY1UT
8YUCG1
YDSA7B
R62YIH
ZK7HUS
NJ9442
V9VV92
A0EAZU
AMVPX0
AA3GLI
U662KB
Q1JTH0
3U0OM4
564025
XG3ZQJ
5C8YU7
JE6TPO
EPOZCL
R5B5GR
9ZUHRI
O5T4QM
W35A8M
AUS4QO
74V8HT
P9AFWO
QZEKC7
FLO8WI
R6Y8LP
YQUDX3
9243LW
TVDP1V
7R0E9J
2LC96S
JCCUG2
2XUWNM
DI9VHW
VMRH2A
HMRMTM
6YU9NK
0SAV1E
S125EQ
QA2ILS
0QE4HE
7JL9A8
KPLHVT
YCYRIP
EJER1R
TX2024
FW0F2M
7PDYTH
UUSK1R
K37RQC
U6G9EA
9VL3T1
KBPP70
3C3XSZ
Z7C1RY
LXU75A
U2QO1M
SEXNZ1
YRP9CS
XMPG42
PQAGZV
118RK2
9NDZE0
LT43X7
C63MPA
ICU1EW
JQ4EM9
AYQ9SS
XGGACZ
FXTWCC
HT4X71
DQE0YJ
KRTE3P
VKVU2T
4GUYLW
I8ZPED
J6LXGV
P5SI4F
940ZMY
CRV6NM
A3OMCL
O4QSFT
1FDE11
7HM2Z5
F8AXZB
3X1HPN
EDRQ3M
36GCVQ
W5JY3X
UBT2B9
BFRKF9
VSSBXV
X011KV
3B69PM
076E39
SHQ230
PZ3Q4L
16POZQ
W962OR
SOR5YF
0WGXZ9
Q6WMCP
N2QWMH
U3QWTG
IVAP1S
WWAHKO
D4GTQL
6YEMS7
TX471Q
QST4AD
U94AEF
LVO24N
3G9IIA
ZKE8K8
YR5Z4H
XRJ0H5
J0P3XG
POWC1S
IJHFLE
ZCOWT3
GJA732
WTHUBT
3ZQXA0
FQNB8S
Q9DQK3
NDJYF1
0FOSYI
1TP36D
UAAXGA
LEJMCZ
0NH2US
FIC3YO
CQR8D5
6HY4WV
53T14O
ENAEBK
YH5T8X
S7Y4LV
UKTX4G
LTLPN2
6YILX5
XIUR3F
E1JA1M
Q2DKB6
Q9Q06N
79NM8W
G8OILS
UZSX6M
Y3NPKA
1PTL8P
GFQQWC
PP167U
FUHXQG
09818D
WEN1XS
KSLLON
EXKYV3
VH42ZZ
2MK53R
VQOHN8
R1TGJV
6GBKL1
ONMHZ9
05Q82K
7GQ12I
8YMIHS
JBSLYH
4YLW9F
U64T09
6NJM2L
53RBO2
HZAOA9
N48AJL
QQH33L
Z6HQ86
MHZPD7
Y2QSGT
WSZWZR
076RR7
91TZ3O
LBL5OF
04DT43
E645PU
MLBZRG
J36NU6
8QIMJ5
4RHYNC
AJDRVO
0JNPQD
ON5X9M
TB92G3
WUI1K8
IUSGMR
9FVNAB
5HSVZA
WS1TS2
PY8O8H
96BBH5
MXJL5L
K3O76W
WJO6G8
PEYQ9Z
9SLAQB
FO58J1
52QJ8T
WF9J91
SVFSTR
CQHJYG
MDITAA
T0WOJK
0PGPQI
JNAXDJ
BLC0AB
R1P1FA
FWMII2
6Z6DXI
NQGQCG
Y9ZFF4
OIG46P
R9REY0
DR8QBE
SGEEQL
4GC7KI
PO1WPB
BRDCAH
C7VZ1P
GFV654
JZYOEQ
VF6S0N
Z5IQ4H
WLPIH0
BVZY8O
1VS9QF
P6KMYH
8YEXPT
4UTDDB
6B7AUF
OY08GZ
I2AZ06
5ETL5S
TV7ZJD
C6X24T
GHAK2H
XE2OE0
12LRY4
LV9V1E
FGWP0G
ZH4JWZ
7WNY4G
PDBYGZ
UB8Z93
8Y0C7C
Q6B4XS
UP5NLN
